Linux 5.19.0-rc5-xfstests-perf-00986-g953948f2acf6-dirty (harshads-do-not-delete-3) 	12/19/23 	_x86_64_	(32 CPU)


avg-cpu:  %user   %nice %system %iowait  %steal   %idle
           0.01    0.00    4.00    1.39    0.00   94.60

Device            r/s     rkB/s   rrqm/s  %rrqm r_await rareq-sz     w/s     wkB/s   wrqm/s  %wrqm w_await wareq-sz     d/s     dkB/s   drqm/s  %drqm d_await dareq-sz     f/s f_await  aqu-sz  %util
nvme0n1         37.80    151.20     0.00   0.00   10.25     4.00 8710.80  39698.40    11.00   0.13    0.07     4.56    0.00      0.00     0.00   0.00    0.00     0.00 3740.20    0.03    1.13  72.72
nvme0n2          0.00      0.00     0.00   0.00    0.00     0.00    0.00      0.00     0.00   0.00    0.00     0.00    0.00      0.00     0.00   0.00    0.00     0.00    0.00    0.00    0.00   0.00
nvme0n3          0.00      0.00     0.00   0.00    0.00     0.00 2354.60  13458.40  1010.00  30.02    0.12     5.72    0.00      0.00     0.00   0.00    0.00     0.00 2340.20    0.02    0.33  72.74
nvme0n4          0.00      0.00     0.00   0.00    0.00     0.00    0.00      0.00     0.00   0.00    0.00     0.00    0.00      0.00     0.00   0.00    0.00     0.00    0.00    0.00    0.00   0.00
sda              9.60    289.60    41.40  81.18   12.60    30.17    3.00     12.00     2.40  44.44    1.80     4.00    0.00      0.00     0.00   0.00    0.00     0.00    0.00    0.00    0.13   5.00


avg-cpu:  %user   %nice %system %iowait  %steal   %idle
           0.00    0.00    7.61    2.22    0.00   90.17

Device            r/s     rkB/s   rrqm/s  %rrqm r_await rareq-sz     w/s     wkB/s   wrqm/s  %wrqm w_await wareq-sz     d/s     dkB/s   drqm/s  %drqm d_await dareq-sz     f/s f_await  aqu-sz  %util
nvme0n1          0.00      0.00     0.00   0.00    0.00     0.00 15613.20  71664.00    31.60   0.20    0.07     4.59    0.00      0.00     0.00   0.00    0.00     0.00 6309.40    0.03    1.36 100.00
nvme0n2          0.00      0.00     0.00   0.00    0.00     0.00    0.00      0.00     0.00   0.00    0.00     0.00    0.00      0.00     0.00   0.00    0.00     0.00    0.00    0.00    0.00   0.00
nvme0n3          0.00      0.00     0.00   0.00    0.00     0.00 3629.40  22875.20  2089.40  36.54    0.12     6.30    0.00      0.00     0.00   0.00    0.00     0.00 3601.20    0.03    0.54 100.00
nvme0n4          0.00      0.00     0.00   0.00    0.00     0.00    0.00      0.00     0.00   0.00    0.00     0.00    0.00      0.00     0.00   0.00    0.00     0.00    0.00    0.00    0.00   0.00
sda              0.00      0.00     0.00   0.00    0.00     0.00    0.40     11.20     0.20  33.33    1.50    28.00    0.20      3.20     0.00   0.00    1.00    16.00    0.40    0.50    0.00   0.12


avg-cpu:  %user   %nice %system %iowait  %steal   %idle
           0.01    0.00    7.84    2.23    0.00   89.92

Device            r/s     rkB/s   rrqm/s  %rrqm r_await rareq-sz     w/s     wkB/s   wrqm/s  %wrqm w_await wareq-sz     d/s     dkB/s   drqm/s  %drqm d_await dareq-sz     f/s f_await  aqu-sz  %util
nvme0n1          0.00      0.00     0.00   0.00    0.00     0.00 15736.40  71816.00    30.40   0.19    0.07     4.56    0.00      0.00     0.00   0.00    0.00     0.00 6377.00    0.03    1.36 100.00
nvme0n2          0.00      0.00     0.00   0.00    0.00     0.00    0.00      0.00     0.00   0.00    0.00     0.00    0.00      0.00     0.00   0.00    0.00     0.00    0.00    0.00    0.00   0.00
nvme0n3          0.00      0.00     0.00   0.00    0.00     0.00 3667.20  22962.40  2073.40  36.12    0.12     6.26    0.00      0.00     0.00   0.00    0.00     0.00 3638.60    0.03    0.54 100.00
nvme0n4          0.00      0.00     0.00   0.00    0.00     0.00    0.00      0.00     0.00   0.00    0.00     0.00    0.00      0.00     0.00   0.00    0.00     0.00    0.00    0.00    0.00   0.00
sda              0.00      0.00     0.00   0.00    0.00     0.00    0.40      2.40     0.20  33.33    7.00     6.00    0.00      0.00     0.00   0.00    0.00     0.00    0.40    0.00    0.00   0.34


avg-cpu:  %user   %nice %system %iowait  %steal   %idle
           0.01    0.00    7.70    2.28    0.00   90.01

Device            r/s     rkB/s   rrqm/s  %rrqm r_await rareq-sz     w/s     wkB/s   wrqm/s  %wrqm w_await wareq-sz     d/s     dkB/s   drqm/s  %drqm d_await dareq-sz     f/s f_await  aqu-sz  %util
nvme0n1          0.00      0.00     0.00   0.00    0.00     0.00 15783.20  72159.20    29.80   0.19    0.07     4.57    0.00      0.00     0.00   0.00    0.00     0.00 6396.20    0.03    1.33  99.94
nvme0n2          0.00      0.00     0.00   0.00    0.00     0.00    0.00      0.00     0.00   0.00    0.00     0.00    0.00      0.00     0.00   0.00    0.00     0.00    0.00    0.00    0.00   0.00
nvme0n3          0.00      0.00     0.00   0.00    0.00     0.00 3696.80  23079.20  2073.00  35.93    0.12     6.24    0.00      0.00     0.00   0.00    0.00     0.00 3668.40    0.02    0.54 100.00
nvme0n4          0.00      0.00     0.00   0.00    0.00     0.00    0.00      0.00     0.00   0.00    0.00     0.00    0.00      0.00     0.00   0.00    0.00     0.00    0.00    0.00    0.00   0.00
sda             19.80    484.00    40.60  67.22    7.36    24.44    0.40      2.40     0.60  60.00    1.00     6.00    0.00      0.00     0.00   0.00    0.00     0.00    0.40    0.00    0.15   5.40


avg-cpu:  %user   %nice %system %iowait  %steal   %idle
           0.01    0.00    7.89    2.13    0.00   89.97

Device            r/s     rkB/s   rrqm/s  %rrqm r_await rareq-sz     w/s     wkB/s   wrqm/s  %wrqm w_await wareq-sz     d/s     dkB/s   drqm/s  %drqm d_await dareq-sz     f/s f_await  aqu-sz  %util
nvme0n1          0.00      0.00     0.00   0.00    0.00     0.00 15896.60  72476.80    35.60   0.22    0.07     4.56    0.00      0.00     0.00   0.00    0.00     0.00 6456.00    0.03    1.35 100.00
nvme0n2          0.00      0.00     0.00   0.00    0.00     0.00    0.00      0.00     0.00   0.00    0.00     0.00    0.00      0.00     0.00   0.00    0.00     0.00    0.00    0.00    0.00   0.00
nvme0n3          0.00      0.00     0.00   0.00    0.00     0.00 3727.80  23488.80  2144.40  36.52    0.12     6.30    0.00      0.00     0.00   0.00    0.00     0.00 3698.60    0.02    0.54 100.00
nvme0n4          0.00      0.00     0.00   0.00    0.00     0.00    0.00      0.00     0.00   0.00    0.00     0.00    0.00      0.00     0.00   0.00    0.00     0.00    0.00    0.00    0.00   0.00
sda              0.00      0.00     0.00   0.00    0.00     0.00    8.20     36.80     0.80   8.89   13.41     4.49    0.00      0.00     0.00   0.00    0.00     0.00    0.40    0.00    0.11   0.60


avg-cpu:  %user   %nice %system %iowait  %steal   %idle
           0.00    0.00    7.62    2.26    0.00   90.12

Device            r/s     rkB/s   rrqm/s  %rrqm r_await rareq-sz     w/s     wkB/s   wrqm/s  %wrqm w_await wareq-sz     d/s     dkB/s   drqm/s  %drqm d_await dareq-sz     f/s f_await  aqu-sz  %util
nvme0n1          0.00      0.00     0.00   0.00    0.00     0.00 15708.20  71795.20    27.80   0.18    0.07     4.57    0.00      0.00     0.00   0.00    0.00     0.00 6340.00    0.03    1.36 100.00
nvme0n2          0.00      0.00     0.00   0.00    0.00     0.00    0.00      0.00     0.00   0.00    0.00     0.00    0.00      0.00     0.00   0.00    0.00     0.00    0.00    0.00    0.00   0.00
nvme0n3          0.00      0.00     0.00   0.00    0.00     0.00 3642.80  22784.80  2053.40  36.05    0.12     6.25    0.00      0.00     0.00   0.00    0.00     0.00 3614.80    0.03    0.54 100.00
nvme0n4          0.00      0.00     0.00   0.00    0.00     0.00    0.00      0.00     0.00   0.00    0.00     0.00    0.00      0.00     0.00   0.00    0.00     0.00    0.00    0.00    0.00   0.00
sda              0.00      0.00     0.00   0.00    0.00     0.00    0.40      4.80     0.80  66.67    6.50    12.00    0.00      0.00     0.00   0.00    0.00     0.00    0.40    0.00    0.00   0.34


avg-cpu:  %user   %nice %system %iowait  %steal   %idle
           0.00    0.00    7.73    2.23    0.00   90.04

Device            r/s     rkB/s   rrqm/s  %rrqm r_await rareq-sz     w/s     wkB/s   wrqm/s  %wrqm w_await wareq-sz     d/s     dkB/s   drqm/s  %drqm d_await dareq-sz     f/s f_await  aqu-sz  %util
nvme0n1          0.00      0.00     0.00   0.00    0.00     0.00 15661.60  71741.60    36.80   0.23    0.07     4.58    0.00      0.00     0.00   0.00    0.00     0.00 6323.00    0.03    1.37 100.00
nvme0n2          0.00      0.00     0.00   0.00    0.00     0.00    0.00      0.00     0.00   0.00    0.00     0.00    0.00      0.00     0.00   0.00    0.00     0.00    0.00    0.00    0.00   0.00
nvme0n3          0.00      0.00     0.00   0.00    0.00     0.00 3637.60  23020.80  2117.60  36.79    0.12     6.33    0.00      0.00     0.00   0.00    0.00     0.00 3609.40    0.03    0.54 100.00
nvme0n4          0.00      0.00     0.00   0.00    0.00     0.00    0.00      0.00     0.00   0.00    0.00     0.00    0.00      0.00     0.00   0.00    0.00     0.00    0.00    0.00    0.00   0.00
sda              0.20      0.80     0.00   0.00   20.00     4.00   11.00     53.60     1.80  14.06    2.24     4.87    0.00      0.00     0.00   0.00    0.00     0.00    0.40    0.00    0.03   1.06


avg-cpu:  %user   %nice %system %iowait  %steal   %idle
           0.00    0.00    7.62    2.22    0.00   90.16

Device            r/s     rkB/s   rrqm/s  %rrqm r_await rareq-sz     w/s     wkB/s   wrqm/s  %wrqm w_await wareq-sz     d/s     dkB/s   drqm/s  %drqm d_await dareq-sz     f/s f_await  aqu-sz  %util
nvme0n1          0.00      0.00     0.00   0.00    0.00     0.00 15562.48  71459.48    26.35   0.17    0.08     4.59    0.00      0.00     0.00   0.00    0.00     0.00 6256.89    0.03    1.37  99.80
nvme0n2          0.00      0.00     0.00   0.00    0.00     0.00    0.00      0.00     0.00   0.00    0.00     0.00    0.00      0.00     0.00   0.00    0.00     0.00    0.00    0.00    0.00   0.00
nvme0n3          0.00      0.00     0.00   0.00    0.00     0.00 3581.24  22424.75  2024.95  36.12    0.12     6.26    0.00      0.00     0.00   0.00    0.00     0.00 3553.49    0.03    0.54  99.80
nvme0n4          0.00      0.00     0.00   0.00    0.00     0.00    0.00      0.00     0.00   0.00    0.00     0.00    0.00      0.00     0.00   0.00    0.00     0.00    0.00    0.00    0.00   0.00
sda              0.00      0.00     0.00   0.00    0.00     0.00    0.40      4.79     0.20  33.33    1.00    12.00    0.00      0.00     0.00   0.00    0.00     0.00    0.40    0.00    0.00   0.06


avg-cpu:  %user   %nice %system %iowait  %steal   %idle
           0.02    0.00    8.02    2.18    0.00   89.78

Device            r/s     rkB/s   rrqm/s  %rrqm r_await rareq-sz     w/s     wkB/s   wrqm/s  %wrqm w_await wareq-sz     d/s     dkB/s   drqm/s  %drqm d_await dareq-sz     f/s f_await  aqu-sz  %util
nvme0n1          0.00      0.00     0.00   0.00    0.00     0.00 15702.40  71776.00    31.40   0.20    0.07     4.57    0.00      0.00     0.00   0.00    0.00     0.00 6355.00    0.03    1.37 100.00
nvme0n2          0.00      0.00     0.00   0.00    0.00     0.00    0.00      0.00     0.00   0.00    0.00     0.00    0.00      0.00     0.00   0.00    0.00     0.00    0.00    0.00    0.00   0.00
nvme0n3          0.00      0.00     0.00   0.00    0.00     0.00 3653.80  22972.80  2089.40  36.38    0.12     6.29    0.00      0.00     0.00   0.00    0.00     0.00 3625.40    0.03    0.54 100.00
nvme0n4          0.00      0.00     0.00   0.00    0.00     0.00    0.00      0.00     0.00   0.00    0.00     0.00    0.00      0.00     0.00   0.00    0.00     0.00    0.00    0.00    0.00   0.00
sda              0.00      0.00     0.00   0.00    0.00     0.00    0.40      2.40     0.60  60.00   26.50     6.00    0.00      0.00     0.00   0.00    0.00     0.00    0.40    0.00    0.01   1.14


avg-cpu:  %user   %nice %system %iowait  %steal   %idle
           0.01    0.00    7.55    2.25    0.00   90.19

Device            r/s     rkB/s   rrqm/s  %rrqm r_await rareq-sz     w/s     wkB/s   wrqm/s  %wrqm w_await wareq-sz     d/s     dkB/s   drqm/s  %drqm d_await dareq-sz     f/s f_await  aqu-sz  %util
nvme0n1          0.00      0.00     0.00   0.00    0.00     0.00 15709.60  72248.00    24.60   0.16    0.07     4.60    0.00      0.00     0.00   0.00    0.00     0.00 6328.60    0.03    1.36 100.00
nvme0n2          0.00      0.00     0.00   0.00    0.00     0.00    0.00      0.00     0.00   0.00    0.00     0.00    0.00      0.00     0.00   0.00    0.00     0.00    0.00    0.00    0.00   0.00
nvme0n3          0.00      0.00     0.00   0.00    0.00     0.00 3648.40  22914.40  2080.20  36.31    0.12     6.28    0.00      0.00     0.00   0.00    0.00     0.00 3620.20    0.03    0.54 100.00
nvme0n4          0.00      0.00     0.00   0.00    0.00     0.00    0.00      0.00     0.00   0.00    0.00     0.00    0.00      0.00     0.00   0.00    0.00     0.00    0.00    0.00    0.00   0.00
sda              0.00      0.00     0.00   0.00    0.00     0.00    2.60     12.80     1.20  31.58    9.54     4.92    0.00      0.00     0.00   0.00    0.00     0.00    0.40    0.00    0.03   1.40


avg-cpu:  %user   %nice %system %iowait  %steal   %idle
           0.00    0.00    7.82    1.90    0.00   90.28

Device            r/s     rkB/s   rrqm/s  %rrqm r_await rareq-sz     w/s     wkB/s   wrqm/s  %wrqm w_await wareq-sz     d/s     dkB/s   drqm/s  %drqm d_await dareq-sz     f/s f_await  aqu-sz  %util
nvme0n1          0.00      0.00     0.00   0.00    0.00     0.00 14909.80  65855.20    35.20   0.24    0.07     4.42    0.00      0.00     0.00   0.00    0.00     0.00 6334.20    0.03    1.15 100.00
nvme0n2          0.00      0.00     0.00   0.00    0.00     0.00    0.00      0.00     0.00   0.00    0.00     0.00    0.00      0.00     0.00   0.00    0.00     0.00    0.00    0.00    0.00   0.00
nvme0n3          0.00      0.00     0.00   0.00    0.00     0.00 3787.00  23732.80  2146.00  36.17    0.11     6.27    0.00      0.00     0.00   0.00    0.00     0.00 3757.80    0.02    0.51 100.00
nvme0n4          0.00      0.00     0.00   0.00    0.00     0.00    0.00      0.00     0.00   0.00    0.00     0.00    0.00      0.00     0.00   0.00    0.00     0.00    0.00    0.00    0.00   0.00
sda              0.00      0.00     0.00   0.00    0.00     0.00    8.20     39.20     0.60   6.82   17.68     4.78    0.00      0.00     0.00   0.00    0.00     0.00    0.40    0.00    0.14   0.26


avg-cpu:  %user   %nice %system %iowait  %steal   %idle
           0.00    0.00    7.99    1.90    0.00   90.12

Device            r/s     rkB/s   rrqm/s  %rrqm r_await rareq-sz     w/s     wkB/s   wrqm/s  %wrqm w_await wareq-sz     d/s     dkB/s   drqm/s  %drqm d_await dareq-sz     f/s f_await  aqu-sz  %util
nvme0n1          0.00      0.00     0.00   0.00    0.00     0.00 14890.20  65740.80    40.60   0.27    0.07     4.42    0.00      0.00     0.00   0.00    0.00     0.00 6323.20    0.03    1.15 100.00
nvme0n2          0.00      0.00     0.00   0.00    0.00     0.00    0.00      0.00     0.00   0.00    0.00     0.00    0.00      0.00     0.00   0.00    0.00     0.00    0.00    0.00    0.00   0.00
nvme0n3          0.00      0.00     0.00   0.00    0.00     0.00 3759.00  23584.80  2137.40  36.25    0.11     6.27    0.00      0.00     0.00   0.00    0.00     0.00 3729.80    0.02    0.51 100.00
nvme0n4          0.00      0.00     0.00   0.00    0.00     0.00    0.00      0.00     0.00   0.00    0.00     0.00    0.00      0.00     0.00   0.00    0.00     0.00    0.00    0.00    0.00   0.00
sda              0.00      0.00     0.00   0.00    0.00     0.00    0.40      4.00     0.20  33.33    2.00    10.00    0.00      0.00     0.00   0.00    0.00     0.00    0.40    0.00    0.00   0.14


avg-cpu:  %user   %nice %system %iowait  %steal   %idle
           0.01    0.00    7.87    1.90    0.00   90.22

Device            r/s     rkB/s   rrqm/s  %rrqm r_await rareq-sz     w/s     wkB/s   wrqm/s  %wrqm w_await wareq-sz     d/s     dkB/s   drqm/s  %drqm d_await dareq-sz     f/s f_await  aqu-sz  %util
nvme0n1          0.00      0.00     0.00   0.00    0.00     0.00 14883.80  65739.20    39.20   0.26    0.07     4.42    0.00      0.00     0.00   0.00    0.00     0.00 6314.00    0.03    1.16 100.00
nvme0n2          0.00      0.00     0.00   0.00    0.00     0.00    0.00      0.00     0.00   0.00    0.00     0.00    0.00      0.00     0.00   0.00    0.00     0.00    0.00    0.00    0.00   0.00
nvme0n3          0.00      0.00     0.00   0.00    0.00     0.00 3764.60  23623.20  2141.20  36.26    0.11     6.28    0.00      0.00     0.00   0.00    0.00     0.00 3735.00    0.02    0.51 100.00
nvme0n4          0.00      0.00     0.00   0.00    0.00     0.00    0.00      0.00     0.00   0.00    0.00     0.00    0.00      0.00     0.00   0.00    0.00     0.00    0.00    0.00    0.00   0.00
sda              0.00      0.00     0.00   0.00    0.00     0.00    0.40      2.40     0.20  33.33   15.00     6.00    0.00      0.00     0.00   0.00    0.00     0.00    0.40    0.50    0.01   0.66


avg-cpu:  %user   %nice %system %iowait  %steal   %idle
           0.00    0.00    7.71    1.88    0.00   90.41

Device            r/s     rkB/s   rrqm/s  %rrqm r_await rareq-sz     w/s     wkB/s   wrqm/s  %wrqm w_await wareq-sz     d/s     dkB/s   drqm/s  %drqm d_await dareq-sz     f/s f_await  aqu-sz  %util
nvme0n1          0.00      0.00     0.00   0.00    0.00     0.00 14851.60  65500.00    31.60   0.21    0.07     4.41    0.00      0.00     0.00   0.00    0.00     0.00 6294.80    0.03    1.15 100.00
nvme0n2          0.00      0.00     0.00   0.00    0.00     0.00    0.00      0.00     0.00   0.00    0.00     0.00    0.00      0.00     0.00   0.00    0.00     0.00    0.00    0.00    0.00   0.00
nvme0n3          0.00      0.00     0.00   0.00    0.00     0.00 3749.00  23528.00  2133.00  36.26    0.12     6.28    0.00      0.00     0.00   0.00    0.00     0.00 3720.00    0.02    0.52 100.00
nvme0n4          0.00      0.00     0.00   0.00    0.00     0.00    0.00      0.00     0.00   0.00    0.00     0.00    0.00      0.00     0.00   0.00    0.00     0.00    0.00    0.00    0.00   0.00
sda              0.00      0.00     0.00   0.00    0.00     0.00    2.00     10.40     0.60  23.08    9.30     5.20    0.00      0.00     0.00   0.00    0.00     0.00    0.40    0.00    0.02   1.80


avg-cpu:  %user   %nice %system %iowait  %steal   %idle
           0.00    0.00    7.64    1.89    0.00   90.47

Device            r/s     rkB/s   rrqm/s  %rrqm r_await rareq-sz     w/s     wkB/s   wrqm/s  %wrqm w_await wareq-sz     d/s     dkB/s   drqm/s  %drqm d_await dareq-sz     f/s f_await  aqu-sz  %util
nvme0n1          0.00      0.00     0.00   0.00    0.00     0.00 14561.80  64599.20    29.60   0.20    0.07     4.44    0.00      0.00     0.00   0.00    0.00     0.00 6170.00    0.03    1.12 100.00
nvme0n2          0.00      0.00     0.00   0.00    0.00     0.00    0.00      0.00     0.00   0.00    0.00     0.00    0.00      0.00     0.00   0.00    0.00     0.00    0.00    0.00    0.00   0.00
nvme0n3          0.00      0.00     0.00   0.00    0.00     0.00 3672.40  22989.60  2075.00  36.10    0.12     6.26    0.00      0.00     0.00   0.00    0.00     0.00 3644.00    0.02    0.52 100.00
nvme0n4          0.00      0.00     0.00   0.00    0.00     0.00    0.00      0.00     0.00   0.00    0.00     0.00    0.00      0.00     0.00   0.00    0.00     0.00    0.00    0.00    0.00   0.00
sda              0.00      0.00     0.00   0.00    0.00     0.00    0.40      4.00     0.20  33.33    1.00    10.00    0.00      0.00     0.00   0.00    0.00     0.00    0.40    0.00    0.00   0.14


avg-cpu:  %user   %nice %system %iowait  %steal   %idle
           0.00    0.00    7.80    1.93    0.00   90.26

Device            r/s     rkB/s   rrqm/s  %rrqm r_await rareq-sz     w/s     wkB/s   wrqm/s  %wrqm w_await wareq-sz     d/s     dkB/s   drqm/s  %drqm d_await dareq-sz     f/s f_await  aqu-sz  %util
nvme0n1          0.00      0.00     0.00   0.00    0.00     0.00 14817.80  65852.80    42.80   0.29    0.06     4.44    0.00      0.00     0.00   0.00    0.00     0.00 6295.60    0.03    1.13  99.86
nvme0n2          0.00      0.00     0.00   0.00    0.00     0.00    0.00      0.00     0.00   0.00    0.00     0.00    0.00      0.00     0.00   0.00    0.00     0.00    0.00    0.00    0.00   0.00
nvme0n3          0.00      0.00     0.00   0.00    0.00     0.00 3758.00  23600.00  2142.00  36.31    0.12     6.28    0.00      0.00     0.00   0.00    0.00     0.00 3728.80    0.02    0.52 100.00
nvme0n4          0.00      0.00     0.00   0.00    0.00     0.00    0.00      0.00     0.00   0.00    0.00     0.00    0.00      0.00     0.00   0.00    0.00     0.00    0.00    0.00    0.00   0.00
sda              0.00      0.00     0.00   0.00    0.00     0.00    0.40      2.40     0.20  33.33   20.50     6.00    0.00      0.00     0.00   0.00    0.00     0.00    0.40    0.00    0.01   0.86


avg-cpu:  %user   %nice %system %iowait  %steal   %idle
           0.01    0.00    8.04    1.98    0.00   89.98

Device            r/s     rkB/s   rrqm/s  %rrqm r_await rareq-sz     w/s     wkB/s   wrqm/s  %wrqm w_await wareq-sz     d/s     dkB/s   drqm/s  %drqm d_await dareq-sz     f/s f_await  aqu-sz  %util
nvme0n1          0.00      0.00     0.00   0.00    0.00     0.00 14925.20  65745.60    34.40   0.23    0.07     4.41    0.00      0.00     0.00   0.00    0.00     0.00 6356.20    0.03    1.15 100.08
nvme0n2          0.00      0.00     0.00   0.00    0.00     0.00    0.00      0.00     0.00   0.00    0.00     0.00    0.00      0.00     0.00   0.00    0.00     0.00    0.00    0.00    0.00   0.00
nvme0n3          0.00      0.00     0.00   0.00    0.00     0.00 3796.80  23692.00  2126.20  35.90    0.11     6.24    0.00      0.00     0.00   0.00    0.00     0.00 3767.60    0.02    0.52 100.00
nvme0n4          0.00      0.00     0.00   0.00    0.00     0.00    0.00      0.00     0.00   0.00    0.00     0.00    0.00      0.00     0.00   0.00    0.00     0.00    0.00    0.00    0.00   0.00
sda              0.00      0.00     0.00   0.00    0.00     0.00    0.40      2.40     0.20  33.33   33.50     6.00    0.00      0.00     0.00   0.00    0.00     0.00    0.40    0.00    0.01   1.40


avg-cpu:  %user   %nice %system %iowait  %steal   %idle
           0.00    0.00    8.06    1.95    0.00   90.00

Device            r/s     rkB/s   rrqm/s  %rrqm r_await rareq-sz     w/s     wkB/s   wrqm/s  %wrqm w_await wareq-sz     d/s     dkB/s   drqm/s  %drqm d_await dareq-sz     f/s f_await  aqu-sz  %util
nvme0n1          0.00      0.00     0.00   0.00    0.00     0.00 14674.40  65360.80    35.60   0.24    0.07     4.45    0.00      0.00     0.00   0.00    0.00     0.00 6191.40    0.03    1.19 100.00
nvme0n2          0.00      0.00     0.00   0.00    0.00     0.00    0.00      0.00     0.00   0.00    0.00     0.00    0.00      0.00     0.00   0.00    0.00     0.00    0.00    0.00    0.00   0.00
nvme0n3          0.00      0.00     0.00   0.00    0.00     0.00 3668.60  22939.20  2066.20  36.03    0.12     6.25    0.00      0.00     0.00   0.00    0.00     0.00 3640.00    0.02    0.52 100.00
nvme0n4          0.00      0.00     0.00   0.00    0.00     0.00    0.00      0.00     0.00   0.00    0.00     0.00    0.00      0.00     0.00   0.00    0.00     0.00    0.00    0.00    0.00   0.00
sda              0.00      0.00     0.00   0.00    0.00     0.00    0.40      2.40     0.20  33.33   20.00     6.00    0.00      0.00     0.00   0.00    0.00     0.00    0.40    0.00    0.01   0.88


avg-cpu:  %user   %nice %system %iowait  %steal   %idle
           0.00    0.00    7.76    2.09    0.00   90.15

Device            r/s     rkB/s   rrqm/s  %rrqm r_await rareq-sz     w/s     wkB/s   wrqm/s  %wrqm w_await wareq-sz     d/s     dkB/s   drqm/s  %drqm d_await dareq-sz     f/s f_await  aqu-sz  %util
nvme0n1          0.00      0.00     0.00   0.00    0.00     0.00 13898.80  62472.80    36.40   0.26    0.08     4.49    0.00      0.00     0.00   0.00    0.00     0.00 5753.60    0.03    1.25 100.00
nvme0n2          0.00      0.00     0.00   0.00    0.00     0.00    0.00      0.00     0.00   0.00    0.00     0.00    0.00      0.00     0.00   0.00    0.00     0.00    0.00    0.00    0.00   0.00
nvme0n3          0.00      0.00     0.00   0.00    0.00     0.00 3370.00  21128.00  1941.00  36.55    0.13     6.27    0.00      0.00     0.00   0.00    0.00     0.00 3344.00    0.03    0.53 100.00
nvme0n4          0.00      0.00     0.00   0.00    0.00     0.00    0.00      0.00     0.00   0.00    0.00     0.00    0.00      0.00     0.00   0.00    0.00     0.00    0.00    0.00    0.00   0.00
sda              0.00      0.00     0.00   0.00    0.00     0.00    0.40      2.40     0.20  33.33   30.00     6.00    0.00      0.00     0.00   0.00    0.00     0.00    0.40    0.00    0.01   1.26


avg-cpu:  %user   %nice %system %iowait  %steal   %idle
           0.01    0.00    7.79    2.03    0.00   90.17

Device            r/s     rkB/s   rrqm/s  %rrqm r_await rareq-sz     w/s     wkB/s   wrqm/s  %wrqm w_await wareq-sz     d/s     dkB/s   drqm/s  %drqm d_await dareq-sz     f/s f_await  aqu-sz  %util
nvme0n1          0.00      0.00     0.00   0.00    0.00     0.00 14298.00  64276.80    35.60   0.25    0.07     4.50    0.00      0.00     0.00   0.00    0.00     0.00 5941.00    0.03    1.26 100.00
nvme0n2          0.00      0.00     0.00   0.00    0.00     0.00    0.00      0.00     0.00   0.00    0.00     0.00    0.00      0.00     0.00   0.00    0.00     0.00    0.00    0.00    0.00   0.00
nvme0n3          0.00      0.00     0.00   0.00    0.00     0.00 3485.00  21962.40  1976.60  36.19    0.12     6.30    0.00      0.00     0.00   0.00    0.00     0.00 3457.60    0.03    0.52 100.00
nvme0n4          0.00      0.00     0.00   0.00    0.00     0.00    0.00      0.00     0.00   0.00    0.00     0.00    0.00      0.00     0.00   0.00    0.00     0.00    0.00    0.00    0.00   0.00
sda              0.00      0.00     0.00   0.00    0.00     0.00    0.40      2.40     0.80  66.67   21.50     6.00    0.00      0.00     0.00   0.00    0.00     0.00    0.40    0.00    0.01   0.94


avg-cpu:  %user   %nice %system %iowait  %steal   %idle
           0.01    0.00    7.78    2.01    0.00   90.20

Device            r/s     rkB/s   rrqm/s  %rrqm r_await rareq-sz     w/s     wkB/s   wrqm/s  %wrqm w_await wareq-sz     d/s     dkB/s   drqm/s  %drqm d_await dareq-sz     f/s f_await  aqu-sz  %util
nvme0n1          0.00      0.00     0.00   0.00    0.00     0.00 14657.00  64960.00    30.80   0.21    0.07     4.43    0.00      0.00     0.00   0.00    0.00     0.00 6166.80    0.03    1.18 100.00
nvme0n2          0.00      0.00     0.00   0.00    0.00     0.00    0.00      0.00     0.00   0.00    0.00     0.00    0.00      0.00     0.00   0.00    0.00     0.00    0.00    0.00    0.00   0.00
nvme0n3          0.00      0.00     0.00   0.00    0.00     0.00 3658.80  22992.80  2089.40  36.35    0.12     6.28    0.00      0.00     0.00   0.00    0.00     0.00 3630.40    0.02    0.52 100.00
nvme0n4          0.00      0.00     0.00   0.00    0.00     0.00    0.00      0.00     0.00   0.00    0.00     0.00    0.00      0.00     0.00   0.00    0.00     0.00    0.00    0.00    0.00   0.00
sda              0.20      0.80     0.00   0.00   13.00     4.00    9.00     42.40     1.40  13.46    6.56     4.71    0.00      0.00     0.00   0.00    0.00     0.00    0.40    0.00    0.06   2.06


avg-cpu:  %user   %nice %system %iowait  %steal   %idle
           0.01    0.00    7.87    1.89    0.00   90.23

Device            r/s     rkB/s   rrqm/s  %rrqm r_await rareq-sz     w/s     wkB/s   wrqm/s  %wrqm w_await wareq-sz     d/s     dkB/s   drqm/s  %drqm d_await dareq-sz     f/s f_await  aqu-sz  %util
nvme0n1          0.00      0.00     0.00   0.00    0.00     0.00 15012.00  66365.60    36.20   0.24    0.07     4.42    0.00      0.00     0.00   0.00    0.00     0.00 6373.00    0.03    1.16  99.92
nvme0n2          0.00      0.00     0.00   0.00    0.00     0.00    0.00      0.00     0.00   0.00    0.00     0.00    0.00      0.00     0.00   0.00    0.00     0.00    0.00    0.00    0.00   0.00
nvme0n3          0.00      0.00     0.00   0.00    0.00     0.00 3799.20  23852.80  2164.00  36.29    0.11     6.28    0.00      0.00     0.00   0.00    0.00     0.00 3769.60    0.02    0.51 100.00
nvme0n4          0.00      0.00     0.00   0.00    0.00     0.00    0.00      0.00     0.00   0.00    0.00     0.00    0.00      0.00     0.00   0.00    0.00     0.00    0.00    0.00    0.00   0.00
sda              0.20      0.80     0.00   0.00   16.00     4.00   10.40     49.60     1.60  13.33    1.67     4.77    0.00      0.00     0.00   0.00    0.00     0.00    0.40    0.00    0.02   0.66


avg-cpu:  %user   %nice %system %iowait  %steal   %idle
           0.02    0.00    7.77    1.94    0.00   90.27

Device            r/s     rkB/s   rrqm/s  %rrqm r_await rareq-sz     w/s     wkB/s   wrqm/s  %wrqm w_await wareq-sz     d/s     dkB/s   drqm/s  %drqm d_await dareq-sz     f/s f_await  aqu-sz  %util
nvme0n1          0.00      0.00     0.00   0.00    0.00     0.00 14945.20  65904.00    36.20   0.24    0.06     4.41    0.00      0.00     0.00   0.00    0.00     0.00 6370.20    0.03    1.14 100.00
nvme0n2          0.00      0.00     0.00   0.00    0.00     0.00    0.00      0.00     0.00   0.00    0.00     0.00    0.00      0.00     0.00   0.00    0.00     0.00    0.00    0.00    0.00   0.00
nvme0n3          0.00      0.00     0.00   0.00    0.00     0.00 3813.60  23850.40  2149.00  36.04    0.11     6.25    0.00      0.00     0.00   0.00    0.00     0.00 3784.40    0.02    0.51 100.00
nvme0n4          0.00      0.00     0.00   0.00    0.00     0.00    0.00      0.00     0.00   0.00    0.00     0.00    0.00      0.00     0.00   0.00    0.00     0.00    0.00    0.00    0.00   0.00
sda              0.00      0.00     0.00   0.00    0.00     0.00   11.40     53.60     1.20   9.52    3.75     4.70    0.00      0.00     0.00   0.00    0.00     0.00    0.40    0.00    0.04   0.80


avg-cpu:  %user   %nice %system %iowait  %steal   %idle
           0.00    0.00    7.77    1.90    0.00   90.33

Device            r/s     rkB/s   rrqm/s  %rrqm r_await rareq-sz     w/s     wkB/s   wrqm/s  %wrqm w_await wareq-sz     d/s     dkB/s   drqm/s  %drqm d_await dareq-sz     f/s f_await  aqu-sz  %util
nvme0n1          0.00      0.00     0.00   0.00    0.00     0.00 15079.20  66446.40    38.60   0.26    0.06     4.41    0.00      0.00     0.00   0.00    0.00     0.00 6420.00    0.03    1.15 100.00
nvme0n2          0.00      0.00     0.00   0.00    0.00     0.00    0.00      0.00     0.00   0.00    0.00     0.00    0.00      0.00     0.00   0.00    0.00     0.00    0.00    0.00    0.00   0.00
nvme0n3          0.00      0.00     0.00   0.00    0.00     0.00 3843.40  24196.00  2205.60  36.46    0.11     6.30    0.00      0.00     0.00   0.00    0.00     0.00 3813.40    0.02    0.51 100.00
nvme0n4          0.00      0.00     0.00   0.00    0.00     0.00    0.00      0.00     0.00   0.00    0.00     0.00    0.00      0.00     0.00   0.00    0.00     0.00    0.00    0.00    0.00   0.00
sda              0.00      0.00     0.00   0.00    0.00     0.00    0.40      5.60     0.20  33.33    1.00    14.00    0.00      0.00     0.00   0.00    0.00     0.00    0.40    0.00    0.00   0.14


avg-cpu:  %user   %nice %system %iowait  %steal   %idle
           0.01    0.00    8.05    1.82    0.00   90.12

Device            r/s     rkB/s   rrqm/s  %rrqm r_await rareq-sz     w/s     wkB/s   wrqm/s  %wrqm w_await wareq-sz     d/s     dkB/s   drqm/s  %drqm d_await dareq-sz     f/s f_await  aqu-sz  %util
nvme0n1          0.00      0.00     0.00   0.00    0.00     0.00 14746.40  65320.80    42.20   0.29    0.07     4.43    0.00      0.00     0.00   0.00    0.00     0.00 6272.00    0.03    1.14 100.00
nvme0n2          0.00      0.00     0.00   0.00    0.00     0.00    0.00      0.00     0.00   0.00    0.00     0.00    0.00      0.00     0.00   0.00    0.00     0.00    0.00    0.00    0.00   0.00
nvme0n3          0.00      0.00     0.00   0.00    0.00     0.00 3741.40  23383.20  2104.40  36.00    0.12     6.25    0.00      0.00     0.00   0.00    0.00     0.00 3712.80    0.02    0.52 100.00
nvme0n4          0.00      0.00     0.00   0.00    0.00     0.00    0.00      0.00     0.00   0.00    0.00     0.00    0.00      0.00     0.00   0.00    0.00     0.00    0.00    0.00    0.00   0.00
sda              0.00      0.00     0.00   0.00    0.00     0.00    0.40      2.40     0.20  33.33    1.00     6.00    0.00      0.00     0.00   0.00    0.00     0.00    0.40    0.00    0.00   0.14


avg-cpu:  %user   %nice %system %iowait  %steal   %idle
           0.00    0.00    7.82    1.87    0.00   90.32

Device            r/s     rkB/s   rrqm/s  %rrqm r_await rareq-sz     w/s     wkB/s   wrqm/s  %wrqm w_await wareq-sz     d/s     dkB/s   drqm/s  %drqm d_await dareq-sz     f/s f_await  aqu-sz  %util
nvme0n1          0.00      0.00     0.00   0.00    0.00     0.00 14989.00  65966.40    33.20   0.22    0.07     4.40    0.00      0.00     0.00   0.00    0.00     0.00 6389.80    0.03    1.15 100.00
nvme0n2          0.00      0.00     0.00   0.00    0.00     0.00    0.00      0.00     0.00   0.00    0.00     0.00    0.00      0.00     0.00   0.00    0.00     0.00    0.00    0.00    0.00   0.00
nvme0n3          0.00      0.00     0.00   0.00    0.00     0.00 3820.20  23940.80  2194.40  36.48    0.11     6.27    0.00      0.00     0.00   0.00    0.00     0.00 3790.20    0.02    0.51 100.00
nvme0n4          0.00      0.00     0.00   0.00    0.00     0.00    0.00      0.00     0.00   0.00    0.00     0.00    0.00      0.00     0.00   0.00    0.00     0.00    0.00    0.00    0.00   0.00
sda              0.00      0.00     0.00   0.00    0.00     0.00    0.60      3.20     0.20  25.00    7.67     5.33    0.00      0.00     0.00   0.00    0.00     0.00    0.40    0.50    0.00   0.60


avg-cpu:  %user   %nice %system %iowait  %steal   %idle
           0.00    0.00    7.77    1.88    0.00   90.36

Device            r/s     rkB/s   rrqm/s  %rrqm r_await rareq-sz     w/s     wkB/s   wrqm/s  %wrqm w_await wareq-sz     d/s     dkB/s   drqm/s  %drqm d_await dareq-sz     f/s f_await  aqu-sz  %util
nvme0n1          0.00      0.00     0.00   0.00    0.00     0.00 15078.60  66588.80    33.20   0.22    0.07     4.42    0.00      0.00     0.00   0.00    0.00     0.00 6398.40    0.03    1.16 100.00
nvme0n2          0.00      0.00     0.00   0.00    0.00     0.00    0.00      0.00     0.00   0.00    0.00     0.00    0.00      0.00     0.00   0.00    0.00     0.00    0.00    0.00    0.00   0.00
nvme0n3          0.00      0.00     0.00   0.00    0.00     0.00 3809.00  23880.00  2131.60  35.88    0.11     6.27    0.00      0.00     0.00   0.00    0.00     0.00 3779.40    0.02    0.51 100.00
nvme0n4          0.00      0.00     0.00   0.00    0.00     0.00    0.00      0.00     0.00   0.00    0.00     0.00    0.00      0.00     0.00   0.00    0.00     0.00    0.00    0.00    0.00   0.00
sda              0.00      0.00     0.00   0.00    0.00     0.00    0.40      2.40     0.20  33.33   15.50     6.00    0.00      0.00     0.00   0.00    0.00     0.00    0.40    0.00    0.01   0.66


avg-cpu:  %user   %nice %system %iowait  %steal   %idle
           0.00    0.00    7.91    1.97    0.00   90.12

Device            r/s     rkB/s   rrqm/s  %rrqm r_await rareq-sz     w/s     wkB/s   wrqm/s  %wrqm w_await wareq-sz     d/s     dkB/s   drqm/s  %drqm d_await dareq-sz     f/s f_await  aqu-sz  %util
nvme0n1          0.00      0.00     0.00   0.00    0.00     0.00 15108.60  66756.80    33.40   0.22    0.06     4.42    0.00      0.00     0.00   0.00    0.00     0.00 6435.20    0.03    1.15 100.00
nvme0n2          0.00      0.00     0.00   0.00    0.00     0.00    0.00      0.00     0.00   0.00    0.00     0.00    0.00      0.00     0.00   0.00    0.00     0.00    0.00    0.00    0.00   0.00
nvme0n3          0.00      0.00     0.00   0.00    0.00     0.00 3841.80  24127.20  2190.00  36.31    0.11     6.28    0.00      0.00     0.00   0.00    0.00     0.00 3811.80    0.02    0.51 100.00
nvme0n4          0.00      0.00     0.00   0.00    0.00     0.00    0.00      0.00     0.00   0.00    0.00     0.00    0.00      0.00     0.00   0.00    0.00     0.00    0.00    0.00    0.00   0.00
sda              0.00      0.00     0.00   0.00    0.00     0.00    1.80     10.40     1.00  35.71    7.44     5.78    0.00      0.00     0.00   0.00    0.00     0.00    0.40    0.00    0.01   1.34


avg-cpu:  %user   %nice %system %iowait  %steal   %idle
           0.00    0.00    8.16    1.95    0.00   89.89

Device            r/s     rkB/s   rrqm/s  %rrqm r_await rareq-sz     w/s     wkB/s   wrqm/s  %wrqm w_await wareq-sz     d/s     dkB/s   drqm/s  %drqm d_await dareq-sz     f/s f_await  aqu-sz  %util
nvme0n1          0.00      0.00     0.00   0.00    0.00     0.00 15120.60  66589.60    36.80   0.24    0.06     4.40    0.00      0.00     0.00   0.00    0.00     0.00 6449.00    0.03    1.16 100.00
nvme0n2          0.00      0.00     0.00   0.00    0.00     0.00    0.00      0.00     0.00   0.00    0.00     0.00    0.00      0.00     0.00   0.00    0.00     0.00    0.00    0.00    0.00   0.00
nvme0n3          0.00      0.00     0.00   0.00    0.00     0.00 3853.00  24099.20  2171.80  36.05    0.11     6.25    0.00      0.00     0.00   0.00    0.00     0.00 3823.40    0.02    0.51 100.00
nvme0n4          0.00      0.00     0.00   0.00    0.00     0.00    0.00      0.00     0.00   0.00    0.00     0.00    0.00      0.00     0.00   0.00    0.00     0.00    0.00    0.00    0.00   0.00
sda              0.00      0.00     0.00   0.00    0.00     0.00    0.80      5.60     0.20  20.00   12.75     7.00    0.00      0.00     0.00   0.00    0.00     0.00    0.40    0.00    0.01   1.12


avg-cpu:  %user   %nice %system %iowait  %steal   %idle
           0.00    0.00    7.87    1.96    0.00   90.18

Device            r/s     rkB/s   rrqm/s  %rrqm r_await rareq-sz     w/s     wkB/s   wrqm/s  %wrqm w_await wareq-sz     d/s     dkB/s   drqm/s  %drqm d_await dareq-sz     f/s f_await  aqu-sz  %util
nvme0n1          0.00      0.00     0.00   0.00    0.00     0.00 15130.00  66662.40    32.60   0.22    0.06     4.41    0.00      0.00     0.00   0.00    0.00     0.00 6461.40    0.03    1.16 100.00
nvme0n2          0.00      0.00     0.00   0.00    0.00     0.00    0.00      0.00     0.00   0.00    0.00     0.00    0.00      0.00     0.00   0.00    0.00     0.00    0.00    0.00    0.00   0.00
nvme0n3          0.00      0.00     0.00   0.00    0.00     0.00 3864.60  24143.20  2171.20  35.97    0.11     6.25    0.00      0.00     0.00   0.00    0.00     0.00 3834.60    0.02    0.51 100.00
nvme0n4          0.00      0.00     0.00   0.00    0.00     0.00    0.00      0.00     0.00   0.00    0.00     0.00    0.00      0.00     0.00   0.00    0.00     0.00    0.00    0.00    0.00   0.00
sda              0.00      0.00     0.00   0.00    0.00     0.00    0.40      2.40     0.20  33.33   20.00     6.00    0.00      0.00     0.00   0.00    0.00     0.00    0.40    0.00    0.01   0.88


avg-cpu:  %user   %nice %system %iowait  %steal   %idle
           0.01    0.00    7.97    1.89    0.00   90.13

Device            r/s     rkB/s   rrqm/s  %rrqm r_await rareq-sz     w/s     wkB/s   wrqm/s  %wrqm w_await wareq-sz     d/s     dkB/s   drqm/s  %drqm d_await dareq-sz     f/s f_await  aqu-sz  %util
nvme0n1          0.00      0.00     0.00   0.00    0.00     0.00 14935.40  66040.80    36.80   0.25    0.07     4.42    0.00      0.00     0.00   0.00    0.00     0.00 6353.60    0.03    1.16 100.00
nvme0n2          0.00      0.00     0.00   0.00    0.00     0.00    0.00      0.00     0.00   0.00    0.00     0.00    0.00      0.00     0.00   0.00    0.00     0.00    0.00    0.00    0.00   0.00
nvme0n3          0.00      0.00     0.00   0.00    0.00     0.00 3787.20  23799.20  2162.60  36.35    0.11     6.28    0.00      0.00     0.00   0.00    0.00     0.00 3757.60    0.02    0.51  99.92
nvme0n4          0.00      0.00     0.00   0.00    0.00     0.00    0.00      0.00     0.00   0.00    0.00     0.00    0.00      0.00     0.00   0.00    0.00     0.00    0.00    0.00    0.00   0.00
sda              0.00      0.00     0.00   0.00    0.00     0.00    0.40      2.40     0.20  33.33    1.00     6.00    0.00      0.00     0.00   0.00    0.00     0.00    0.40    0.00    0.00   0.12


avg-cpu:  %user   %nice %system %iowait  %steal   %idle
           0.00    0.00    7.97    1.88    0.00   90.15

Device            r/s     rkB/s   rrqm/s  %rrqm r_await rareq-sz     w/s     wkB/s   wrqm/s  %wrqm w_await wareq-sz     d/s     dkB/s   drqm/s  %drqm d_await dareq-sz     f/s f_await  aqu-sz  %util
nvme0n1          0.00      0.00     0.00   0.00    0.00     0.00 15002.40  66720.00    37.20   0.25    0.07     4.45    0.00      0.00     0.00   0.00    0.00     0.00 6353.20    0.03    1.16 100.00
nvme0n2          0.00      0.00     0.00   0.00    0.00     0.00    0.00      0.00     0.00   0.00    0.00     0.00    0.00      0.00     0.00   0.00    0.00     0.00    0.00    0.00    0.00   0.00
nvme0n3          0.00      0.00     0.00   0.00    0.00     0.00 3791.40  23776.00  2152.60  36.21    0.11     6.27    0.00      0.00     0.00   0.00    0.00     0.00 3762.00    0.02    0.51 100.00
nvme0n4          0.00      0.00     0.00   0.00    0.00     0.00    0.00      0.00     0.00   0.00    0.00     0.00    0.00      0.00     0.00   0.00    0.00     0.00    0.00    0.00    0.00   0.00
sda              0.00      0.00     0.00   0.00    0.00     0.00    0.40      2.40     0.20  33.33    1.00     6.00    0.00      0.00     0.00   0.00    0.00     0.00    0.40    0.00    0.00   0.14


avg-cpu:  %user   %nice %system %iowait  %steal   %idle
           0.01    0.00    8.13    1.90    0.00   89.96

Device            r/s     rkB/s   rrqm/s  %rrqm r_await rareq-sz     w/s     wkB/s   wrqm/s  %wrqm w_await wareq-sz     d/s     dkB/s   drqm/s  %drqm d_await dareq-sz     f/s f_await  aqu-sz  %util
nvme0n1          0.00      0.00     0.00   0.00    0.00     0.00 14913.40  65870.40    36.00   0.24    0.07     4.42    0.00      0.00     0.00   0.00    0.00     0.00 6330.80    0.03    1.16 100.00
nvme0n2          0.00      0.00     0.00   0.00    0.00     0.00    0.00      0.00     0.00   0.00    0.00     0.00    0.00      0.00     0.00   0.00    0.00     0.00    0.00    0.00    0.00   0.00
nvme0n3          0.00      0.00     0.00   0.00    0.00     0.00 3772.60  23658.40  2142.00  36.22    0.11     6.27    0.00      0.00     0.00   0.00    0.00     0.00 3743.40    0.02    0.51 100.00
nvme0n4          0.00      0.00     0.00   0.00    0.00     0.00    0.00      0.00     0.00   0.00    0.00     0.00    0.00      0.00     0.00   0.00    0.00     0.00    0.00    0.00    0.00   0.00
sda              0.00      0.00     0.00   0.00    0.00     0.00    0.40      2.40     0.80  66.67    1.00     6.00    0.00      0.00     0.00   0.00    0.00     0.00    0.40    0.00    0.00   0.14


avg-cpu:  %user   %nice %system %iowait  %steal   %idle
           0.01    0.00    7.97    1.89    0.00   90.14

Device            r/s     rkB/s   rrqm/s  %rrqm r_await rareq-sz     w/s     wkB/s   wrqm/s  %wrqm w_await wareq-sz     d/s     dkB/s   drqm/s  %drqm d_await dareq-sz     f/s f_await  aqu-sz  %util
nvme0n1          0.00      0.00     0.00   0.00    0.00     0.00 15036.40  66435.20    34.40   0.23    0.07     4.42    0.00      0.00     0.00   0.00    0.00     0.00 6394.20    0.03    1.16 100.00
nvme0n2          0.00      0.00     0.00   0.00    0.00     0.00    0.00      0.00     0.00   0.00    0.00     0.00    0.00      0.00     0.00   0.00    0.00     0.00    0.00    0.00    0.00   0.00
nvme0n3          0.00      0.00     0.00   0.00    0.00     0.00 3813.00  23928.00  2169.00  36.26    0.11     6.28    0.00      0.00     0.00   0.00    0.00     0.00 3783.60    0.02    0.51 100.00
nvme0n4          0.00      0.00     0.00   0.00    0.00     0.00    0.00      0.00     0.00   0.00    0.00     0.00    0.00      0.00     0.00   0.00    0.00     0.00    0.00    0.00    0.00   0.00
sda              0.00      0.00     0.00   0.00    0.00     0.00    8.00     36.80     0.20   2.44   23.27     4.60    0.00      0.00     0.00   0.00    0.00     0.00    0.40    0.00    0.19   1.12


avg-cpu:  %user   %nice %system %iowait  %steal   %idle
           0.01    0.00    7.89    1.82    0.00   90.27

Device            r/s     rkB/s   rrqm/s  %rrqm r_await rareq-sz     w/s     wkB/s   wrqm/s  %wrqm w_await wareq-sz     d/s     dkB/s   drqm/s  %drqm d_await dareq-sz     f/s f_await  aqu-sz  %util
nvme0n1          0.00      0.00     0.00   0.00    0.00     0.00 14966.20  66128.00    42.40   0.28    0.07     4.42    0.00      0.00     0.00   0.00    0.00     0.00 6371.20    0.03    1.15 100.00
nvme0n2          0.00      0.00     0.00   0.00    0.00     0.00    0.00      0.00     0.00   0.00    0.00     0.00    0.00      0.00     0.00   0.00    0.00     0.00    0.00    0.00    0.00   0.00
nvme0n3          0.00      0.00     0.00   0.00    0.00     0.00 3809.60  23964.00  2181.40  36.41    0.11     6.29    0.00      0.00     0.00   0.00    0.00     0.00 3779.80    0.02    0.52 100.00
nvme0n4          0.00      0.00     0.00   0.00    0.00     0.00    0.00      0.00     0.00   0.00    0.00     0.00    0.00      0.00     0.00   0.00    0.00     0.00    0.00    0.00    0.00   0.00
sda              0.00      0.00     0.00   0.00    0.00     0.00    1.60      8.80     1.80  52.94    1.25     5.50    0.00      0.00     0.00   0.00    0.00     0.00    0.40    0.00    0.00   0.28


avg-cpu:  %user   %nice %system %iowait  %steal   %idle
           0.00    0.00    8.06    1.88    0.00   90.06

Device            r/s     rkB/s   rrqm/s  %rrqm r_await rareq-sz     w/s     wkB/s   wrqm/s  %wrqm w_await wareq-sz     d/s     dkB/s   drqm/s  %drqm d_await dareq-sz     f/s f_await  aqu-sz  %util
nvme0n1          0.00      0.00     0.00   0.00    0.00     0.00 15004.20  66248.00    28.00   0.19    0.07     4.42    0.00      0.00     0.00   0.00    0.00     0.00 6389.00    0.03    1.16 100.00
nvme0n2          0.00      0.00     0.00   0.00    0.00     0.00    0.00      0.00     0.00   0.00    0.00     0.00    0.00      0.00     0.00   0.00    0.00     0.00    0.00    0.00    0.00   0.00
nvme0n3          0.00      0.00     0.00   0.00    0.00     0.00 3810.00  23850.40  2152.60  36.10    0.11     6.26    0.00      0.00     0.00   0.00    0.00     0.00 3780.60    0.02    0.51 100.00
nvme0n4          0.00      0.00     0.00   0.00    0.00     0.00    0.00      0.00     0.00   0.00    0.00     0.00    0.00      0.00     0.00   0.00    0.00     0.00    0.00    0.00    0.00   0.00
sda              0.00      0.00     0.00   0.00    0.00     0.00    9.60     48.00     1.20  11.11   14.19     5.00    0.00      0.00     0.00   0.00    0.00     0.00    0.40    0.00    0.14   0.72


avg-cpu:  %user   %nice %system %iowait  %steal   %idle
           0.01    0.00    8.05    1.95    0.00   89.99

Device            r/s     rkB/s   rrqm/s  %rrqm r_await rareq-sz     w/s     wkB/s   wrqm/s  %wrqm w_await wareq-sz     d/s     dkB/s   drqm/s  %drqm d_await dareq-sz     f/s f_await  aqu-sz  %util
nvme0n1          0.00      0.00     0.00   0.00    0.00     0.00 15056.60  66555.20    34.00   0.23    0.06     4.42    0.00      0.00     0.00   0.00    0.00     0.00 6413.40    0.03    1.14 100.00
nvme0n2          0.00      0.00     0.00   0.00    0.00     0.00    0.00      0.00     0.00   0.00    0.00     0.00    0.00      0.00     0.00   0.00    0.00     0.00    0.00    0.00    0.00   0.00
nvme0n3          0.00      0.00     0.00   0.00    0.00     0.00 3826.00  23943.20  2159.80  36.08    0.11     6.26    0.00      0.00     0.00   0.00    0.00     0.00 3796.20    0.02    0.51 100.00
nvme0n4          0.00      0.00     0.00   0.00    0.00     0.00    0.00      0.00     0.00   0.00    0.00     0.00    0.00      0.00     0.00   0.00    0.00     0.00    0.00    0.00    0.00   0.00
sda              0.00      0.00     0.00   0.00    0.00     0.00    0.40      4.80     0.20  33.33    1.00    12.00    0.00      0.00     0.00   0.00    0.00     0.00    0.40    0.00    0.00   0.14


avg-cpu:  %user   %nice %system %iowait  %steal   %idle
           0.01    0.00    8.21    1.91    0.00   89.87

Device            r/s     rkB/s   rrqm/s  %rrqm r_await rareq-sz     w/s     wkB/s   wrqm/s  %wrqm w_await wareq-sz     d/s     dkB/s   drqm/s  %drqm d_await dareq-sz     f/s f_await  aqu-sz  %util
nvme0n1          0.00      0.00     0.00   0.00    0.00     0.00 15030.40  66276.80    43.20   0.29    0.07     4.41    0.00      0.00     0.00   0.00    0.00     0.00 6397.40    0.03    1.16 100.00
nvme0n2          0.00      0.00     0.00   0.00    0.00     0.00    0.00      0.00     0.00   0.00    0.00     0.00    0.00      0.00     0.00   0.00    0.00     0.00    0.00    0.00    0.00   0.00
nvme0n3          0.00      0.00     0.00   0.00    0.00     0.00 3817.20  23910.40  2160.40  36.14    0.11     6.26    0.00      0.00     0.00   0.00    0.00     0.00 3787.60    0.02    0.51 100.00
nvme0n4          0.00      0.00     0.00   0.00    0.00     0.00    0.00      0.00     0.00   0.00    0.00     0.00    0.00      0.00     0.00   0.00    0.00     0.00    0.00    0.00    0.00   0.00
sda              0.00      0.00     0.00   0.00    0.00     0.00    0.40      2.40     0.80  66.67    6.50     6.00    0.00      0.00     0.00   0.00    0.00     0.00    0.40    0.00    0.00   0.34


avg-cpu:  %user   %nice %system %iowait  %steal   %idle
           0.00    0.00    7.92    1.97    0.00   90.11

Device            r/s     rkB/s   rrqm/s  %rrqm r_await rareq-sz     w/s     wkB/s   wrqm/s  %wrqm w_await wareq-sz     d/s     dkB/s   drqm/s  %drqm d_await dareq-sz     f/s f_await  aqu-sz  %util
nvme0n1          0.00      0.00     0.00   0.00    0.00     0.00 15046.00  66339.20    34.60   0.23    0.06     4.41    0.00      0.00     0.00   0.00    0.00     0.00 6414.40    0.03    1.15 100.00
nvme0n2          0.00      0.00     0.00   0.00    0.00     0.00    0.00      0.00     0.00   0.00    0.00     0.00    0.00      0.00     0.00   0.00    0.00     0.00    0.00    0.00    0.00   0.00
nvme0n3          0.00      0.00     0.00   0.00    0.00     0.00 3832.60  23981.60  2162.80  36.07    0.11     6.26    0.00      0.00     0.00   0.00    0.00     0.00 3803.00    0.02    0.51 100.00
nvme0n4          0.00      0.00     0.00   0.00    0.00     0.00    0.00      0.00     0.00   0.00    0.00     0.00    0.00      0.00     0.00   0.00    0.00     0.00    0.00    0.00    0.00   0.00
sda              0.00      0.00     0.00   0.00    0.00     0.00    8.40     40.00     1.80  17.65    8.00     4.76    0.00      0.00     0.00   0.00    0.00     0.00    0.40    0.00    0.07   2.20


avg-cpu:  %user   %nice %system %iowait  %steal   %idle
           0.01    0.00    8.07    1.85    0.00   90.08

Device            r/s     rkB/s   rrqm/s  %rrqm r_await rareq-sz     w/s     wkB/s   wrqm/s  %wrqm w_await wareq-sz     d/s     dkB/s   drqm/s  %drqm d_await dareq-sz     f/s f_await  aqu-sz  %util
nvme0n1          0.00      0.00     0.00   0.00    0.00     0.00 15050.60  66417.60    24.40   0.16    0.07     4.41    0.00      0.00     0.00   0.00    0.00     0.00 6404.60    0.03    1.16 100.00
nvme0n2          0.00      0.00     0.00   0.00    0.00     0.00    0.00      0.00     0.00   0.00    0.00     0.00    0.00      0.00     0.00   0.00    0.00     0.00    0.00    0.00    0.00   0.00
nvme0n3          0.00      0.00     0.00   0.00    0.00     0.00 3824.00  23878.40  2145.60  35.94    0.11     6.24    0.00      0.00     0.00   0.00    0.00     0.00 3794.20    0.02    0.51 100.00
nvme0n4          0.00      0.00     0.00   0.00    0.00     0.00    0.00      0.00     0.00   0.00    0.00     0.00    0.00      0.00     0.00   0.00    0.00     0.00    0.00    0.00    0.00   0.00
sda              0.00      0.00     0.00   0.00    0.00     0.00    0.40      7.20     0.20  33.33    1.00    18.00    0.00      0.00     0.00   0.00    0.00     0.00    0.40    0.50    0.00   0.12


avg-cpu:  %user   %nice %system %iowait  %steal   %idle
           0.00    0.00    7.58    1.86    0.00   90.56

Device            r/s     rkB/s   rrqm/s  %rrqm r_await rareq-sz     w/s     wkB/s   wrqm/s  %wrqm w_await wareq-sz     d/s     dkB/s   drqm/s  %drqm d_await dareq-sz     f/s f_await  aqu-sz  %util
nvme0n1          0.00      0.00     0.00   0.00    0.00     0.00 14615.40  64402.40    43.00   0.29    0.07     4.41    0.00      0.00     0.00   0.00    0.00     0.00 6244.40    0.03    1.12  99.40
nvme0n2          0.00      0.00     0.00   0.00    0.00     0.00    0.00      0.00     0.00   0.00    0.00     0.00    0.00      0.00     0.00   0.00    0.00     0.00    0.00    0.00    0.00   0.00
nvme0n3          0.00      0.00     0.00   0.00    0.00     0.00 3728.20  23467.20  2138.60  36.45    0.11     6.29    0.00      0.00     0.00   0.00    0.00     0.00 3699.00    0.02    0.51 100.00
nvme0n4          0.00      0.00     0.00   0.00    0.00     0.00    0.00      0.00     0.00   0.00    0.00     0.00    0.00      0.00     0.00   0.00    0.00     0.00    0.00    0.00    0.00   0.00
sda              0.00      0.00     0.00   0.00    0.00     0.00    0.40      2.40     0.20  33.33    1.00     6.00    0.00      0.00     0.00   0.00    0.00     0.00    0.40    0.00    0.00   0.14


avg-cpu:  %user   %nice %system %iowait  %steal   %idle
           0.00    0.00    7.82    1.87    0.00   90.32

Device            r/s     rkB/s   rrqm/s  %rrqm r_await rareq-sz     w/s     wkB/s   wrqm/s  %wrqm w_await wareq-sz     d/s     dkB/s   drqm/s  %drqm d_await dareq-sz     f/s f_await  aqu-sz  %util
nvme0n1          0.00      0.00     0.00   0.00    0.00     0.00 14877.80  65288.80    43.40   0.29    0.07     4.39    0.00      0.00     0.00   0.00    0.00     0.00 6359.60    0.03    1.14 100.00
nvme0n2          0.00      0.00     0.00   0.00    0.00     0.00    0.00      0.00     0.00   0.00    0.00     0.00    0.00      0.00     0.00   0.00    0.00     0.00    0.00    0.00    0.00   0.00
nvme0n3          0.00      0.00     0.00   0.00    0.00     0.00 3810.60  23856.80  2153.60  36.11    0.11     6.26    0.00      0.00     0.00   0.00    0.00     0.00 3781.40    0.02    0.51 100.00
nvme0n4          0.00      0.00     0.00   0.00    0.00     0.00    0.00      0.00     0.00   0.00    0.00     0.00    0.00      0.00     0.00   0.00    0.00     0.00    0.00    0.00    0.00   0.00
sda              0.00      0.00     0.00   0.00    0.00     0.00    2.40     13.60     1.20  33.33    1.17     5.67    0.00      0.00     0.00   0.00    0.00     0.00    0.40    0.00    0.00   0.26


avg-cpu:  %user   %nice %system %iowait  %steal   %idle
           0.00    0.00    7.89    1.85    0.00   90.27

Device            r/s     rkB/s   rrqm/s  %rrqm r_await rareq-sz     w/s     wkB/s   wrqm/s  %wrqm w_await wareq-sz     d/s     dkB/s   drqm/s  %drqm d_await dareq-sz     f/s f_await  aqu-sz  %util
nvme0n1          0.00      0.00     0.00   0.00    0.00     0.00 14865.00  66000.80    35.20   0.24    0.07     4.44    0.00      0.00     0.00   0.00    0.00     0.00 6303.80    0.03    1.16 100.00
nvme0n2          0.00      0.00     0.00   0.00    0.00     0.00    0.00      0.00     0.00   0.00    0.00     0.00    0.00      0.00     0.00   0.00    0.00     0.00    0.00    0.00    0.00   0.00
nvme0n3          0.00      0.00     0.00   0.00    0.00     0.00 3768.40  23764.80  2172.80  36.57    0.11     6.31    0.00      0.00     0.00   0.00    0.00     0.00 3739.00    0.02    0.51 100.00
nvme0n4          0.00      0.00     0.00   0.00    0.00     0.00    0.00      0.00     0.00   0.00    0.00     0.00    0.00      0.00     0.00   0.00    0.00     0.00    0.00    0.00    0.00   0.00
sda              0.00      0.00     0.00   0.00    0.00     0.00    1.60     10.40     0.60  27.27    0.62     6.50    0.00      0.00     0.00   0.00    0.00     0.00    1.20    0.00    0.00   0.14


avg-cpu:  %user   %nice %system %iowait  %steal   %idle
           0.00    0.00    8.15    1.85    0.00   90.00

Device            r/s     rkB/s   rrqm/s  %rrqm r_await rareq-sz     w/s     wkB/s   wrqm/s  %wrqm w_await wareq-sz     d/s     dkB/s   drqm/s  %drqm d_await dareq-sz     f/s f_await  aqu-sz  %util
nvme0n1          0.00      0.00     0.00   0.00    0.00     0.00 14960.20  66000.80    39.40   0.26    0.07     4.41    0.00      0.00     0.00   0.00    0.00     0.00 6350.00    0.03    1.17 100.00
nvme0n2          0.00      0.00     0.00   0.00    0.00     0.00    0.00      0.00     0.00   0.00    0.00     0.00    0.00      0.00     0.00   0.00    0.00     0.00    0.00    0.00    0.00   0.00
nvme0n3          0.00      0.00     0.00   0.00    0.00     0.00 3771.00  23659.20  2143.80  36.24    0.11     6.27    0.00      0.00     0.00   0.00    0.00     0.00 3741.40    0.02    0.51 100.00
nvme0n4          0.00      0.00     0.00   0.00    0.00     0.00    0.00      0.00     0.00   0.00    0.00     0.00    0.00      0.00     0.00   0.00    0.00     0.00    0.00    0.00    0.00   0.00
sda              0.00      0.00     0.00   0.00    0.00     0.00    0.60      4.80     0.60  50.00    0.67     8.00    0.00      0.00     0.00   0.00    0.00     0.00    0.40    0.00    0.00   0.14


avg-cpu:  %user   %nice %system %iowait  %steal   %idle
           0.01    0.00    7.89    1.84    0.00   90.26

Device            r/s     rkB/s   rrqm/s  %rrqm r_await rareq-sz     w/s     wkB/s   wrqm/s  %wrqm w_await wareq-sz     d/s     dkB/s   drqm/s  %drqm d_await dareq-sz     f/s f_await  aqu-sz  %util
nvme0n1          0.00      0.00     0.00   0.00    0.00     0.00 15018.00  66482.40    38.80   0.26    0.07     4.43    0.00      0.00     0.00   0.00    0.00     0.00 6369.80    0.03    1.16 100.00
nvme0n2          0.00      0.00     0.00   0.00    0.00     0.00    0.00      0.00     0.00   0.00    0.00     0.00    0.00      0.00     0.00   0.00    0.00     0.00    0.00    0.00    0.00   0.00
nvme0n3          0.00      0.00     0.00   0.00    0.00     0.00 3788.40  23777.60  2156.00  36.27    0.11     6.28    0.00      0.00     0.00   0.00    0.00     0.00 3759.20    0.02    0.51 100.00
nvme0n4          0.00      0.00     0.00   0.00    0.00     0.00    0.00      0.00     0.00   0.00    0.00     0.00    0.00      0.00     0.00   0.00    0.00     0.00    0.00    0.00    0.00   0.00
sda              0.00      0.00     0.00   0.00    0.00     0.00    6.80     31.20     0.60   8.11   22.38     4.59    0.00      0.00     0.00   0.00    0.00     0.00    0.40    0.00    0.15   1.12


avg-cpu:  %user   %nice %system %iowait  %steal   %idle
           0.01    0.00    7.99    1.92    0.00   90.08

Device            r/s     rkB/s   rrqm/s  %rrqm r_await rareq-sz     w/s     wkB/s   wrqm/s  %wrqm w_await wareq-sz     d/s     dkB/s   drqm/s  %drqm d_await dareq-sz     f/s f_await  aqu-sz  %util
nvme0n1          0.00      0.00     0.00   0.00    0.00     0.00 15098.60  66607.20    34.20   0.23    0.06     4.41    0.00      0.00     0.00   0.00    0.00     0.00 6425.40    0.03    1.15 100.00
nvme0n2          0.00      0.00     0.00   0.00    0.00     0.00    0.00      0.00     0.00   0.00    0.00     0.00    0.00      0.00     0.00   0.00    0.00     0.00    0.00    0.00    0.00   0.00
nvme0n3          0.00      0.00     0.00   0.00    0.00     0.00 3845.60  24150.40  2192.00  36.31    0.11     6.28    0.00      0.00     0.00   0.00    0.00     0.00 3815.80    0.02    0.51 100.00
nvme0n4          0.00      0.00     0.00   0.00    0.00     0.00    0.00      0.00     0.00   0.00    0.00     0.00    0.00      0.00     0.00   0.00    0.00     0.00    0.00    0.00    0.00   0.00
sda              0.00      0.00     0.00   0.00    0.00     0.00    7.60     35.20     0.80   9.52    1.87     4.63    0.00      0.00     0.00   0.00    0.00     0.00    0.40    0.00    0.01   0.28


avg-cpu:  %user   %nice %system %iowait  %steal   %idle
           0.00    0.00    8.28    1.94    0.00   89.77

Device            r/s     rkB/s   rrqm/s  %rrqm r_await rareq-sz     w/s     wkB/s   wrqm/s  %wrqm w_await wareq-sz     d/s     dkB/s   drqm/s  %drqm d_await dareq-sz     f/s f_await  aqu-sz  %util
nvme0n1          0.00      0.00     0.00   0.00    0.00     0.00 15156.80  66660.80    36.60   0.24    0.06     4.40    0.00      0.00     0.00   0.00    0.00     0.00 6457.00    0.03    1.16 100.00
nvme0n2          0.00      0.00     0.00   0.00    0.00     0.00    0.00      0.00     0.00   0.00    0.00     0.00    0.00      0.00     0.00   0.00    0.00     0.00    0.00    0.00    0.00   0.00
nvme0n3          0.00      0.00     0.00   0.00    0.00     0.00 3859.40  24092.00  2163.60  35.92    0.11     6.24    0.00      0.00     0.00   0.00    0.00     0.00 3829.80    0.02    0.51 100.00
nvme0n4          0.00      0.00     0.00   0.00    0.00     0.00    0.00      0.00     0.00   0.00    0.00     0.00    0.00      0.00     0.00   0.00    0.00     0.00    0.00    0.00    0.00   0.00
sda              0.00      0.00     0.00   0.00    0.00     0.00    0.00      0.00     0.20 100.00    0.00     0.00    0.00      0.00     0.00   0.00    0.00     0.00    0.00    0.00    0.00   0.06


avg-cpu:  %user   %nice %system %iowait  %steal   %idle
           0.01    0.00    8.09    1.81    0.00   90.09

Device            r/s     rkB/s   rrqm/s  %rrqm r_await rareq-sz     w/s     wkB/s   wrqm/s  %wrqm w_await wareq-sz     d/s     dkB/s   drqm/s  %drqm d_await dareq-sz     f/s f_await  aqu-sz  %util
nvme0n1          0.00      0.00     0.00   0.00    0.00     0.00 15093.40  66914.40    32.80   0.22    0.07     4.43    0.00      0.00     0.00   0.00    0.00     0.00 6422.60    0.03    1.16 100.00
nvme0n2          0.00      0.00     0.00   0.00    0.00     0.00    0.00      0.00     0.00   0.00    0.00     0.00    0.00      0.00     0.00   0.00    0.00     0.00    0.00    0.00    0.00   0.00
nvme0n3          0.00      0.00     0.00   0.00    0.00     0.00 3836.00  24080.00  2184.00  36.28    0.11     6.28    0.00      0.00     0.00   0.00    0.00     0.00 3806.00    0.02    0.51 100.00
nvme0n4          0.00      0.00     0.00   0.00    0.00     0.00    0.00      0.00     0.00   0.00    0.00     0.00    0.00      0.00     0.00   0.00    0.00     0.00    0.00    0.00    0.00   0.00
sda              0.00      0.00     0.00   0.00    0.00     0.00    0.40      2.40     0.80  66.67    1.50     6.00    0.00      0.00     0.00   0.00    0.00     0.00    0.40    0.00    0.00   0.14


avg-cpu:  %user   %nice %system %iowait  %steal   %idle
           0.01    0.00    7.95    1.92    0.00   90.12

Device            r/s     rkB/s   rrqm/s  %rrqm r_await rareq-sz     w/s     wkB/s   wrqm/s  %wrqm w_await wareq-sz     d/s     dkB/s   drqm/s  %drqm d_await dareq-sz     f/s f_await  aqu-sz  %util
nvme0n1          0.00      0.00     0.00   0.00    0.00     0.00 14975.60  66276.80    30.40   0.20    0.07     4.43    0.00      0.00     0.00   0.00    0.00     0.00 6361.20    0.03    1.16 100.00
nvme0n2          0.00      0.00     0.00   0.00    0.00     0.00    0.00      0.00     0.00   0.00    0.00     0.00    0.00      0.00     0.00   0.00    0.00     0.00    0.00    0.00    0.00   0.00
nvme0n3          0.00      0.00     0.00   0.00    0.00     0.00 3791.20  23692.00  2131.80  35.99    0.11     6.25    0.00      0.00     0.00   0.00    0.00     0.00 3761.80    0.02    0.51 100.00
nvme0n4          0.00      0.00     0.00   0.00    0.00     0.00    0.00      0.00     0.00   0.00    0.00     0.00    0.00      0.00     0.00   0.00    0.00     0.00    0.00    0.00    0.00   0.00
sda              0.00      0.00     0.00   0.00    0.00     0.00    9.40     46.40     2.00  17.54    9.00     4.94    0.00      0.00     0.00   0.00    0.00     0.00    0.40    0.00    0.08   2.80


avg-cpu:  %user   %nice %system %iowait  %steal   %idle
           0.01    0.00    8.10    1.91    0.00   89.98

Device            r/s     rkB/s   rrqm/s  %rrqm r_await rareq-sz     w/s     wkB/s   wrqm/s  %wrqm w_await wareq-sz     d/s     dkB/s   drqm/s  %drqm d_await dareq-sz     f/s f_await  aqu-sz  %util
nvme0n1          0.00      0.00     0.00   0.00    0.00     0.00 14989.00  65787.20    31.00   0.21    0.07     4.39    0.00      0.00     0.00   0.00    0.00     0.00 6362.20    0.03    1.17 100.00
nvme0n2          0.00      0.00     0.00   0.00    0.00     0.00    0.00      0.00     0.00   0.00    0.00     0.00    0.00      0.00     0.00   0.00    0.00     0.00    0.00    0.00    0.00   0.00
nvme0n3          0.00      0.00     0.00   0.00    0.00     0.00 3787.40  23833.60  2171.00  36.44    0.11     6.29    0.00      0.00     0.00   0.00    0.00     0.00 3757.80    0.02    0.51 100.00
nvme0n4          0.00      0.00     0.00   0.00    0.00     0.00    0.00      0.00     0.00   0.00    0.00     0.00    0.00      0.00     0.00   0.00    0.00     0.00    0.00    0.00    0.00   0.00
sda              0.00      0.00     0.00   0.00    0.00     0.00    0.60      7.20     0.00   0.00    1.00    12.00    0.00      0.00     0.00   0.00    0.00     0.00    0.40    0.00    0.00   0.12


avg-cpu:  %user   %nice %system %iowait  %steal   %idle
           0.01    0.00    7.93    1.94    0.00   90.12

Device            r/s     rkB/s   rrqm/s  %rrqm r_await rareq-sz     w/s     wkB/s   wrqm/s  %wrqm w_await wareq-sz     d/s     dkB/s   drqm/s  %drqm d_await dareq-sz     f/s f_await  aqu-sz  %util
nvme0n1          0.00      0.00     0.00   0.00    0.00     0.00 15051.20  66708.80    35.80   0.24    0.07     4.43    0.00      0.00     0.00   0.00    0.00     0.00 6395.20    0.03    1.16 100.00
nvme0n2          0.00      0.00     0.00   0.00    0.00     0.00    0.00      0.00     0.00   0.00    0.00     0.00    0.00      0.00     0.00   0.00    0.00     0.00    0.00    0.00    0.00   0.00
nvme0n3          0.00      0.00     0.00   0.00    0.00     0.00 3811.40  23809.60  2141.00  35.97    0.11     6.25    0.00      0.00     0.00   0.00    0.00     0.00 3782.00    0.02    0.51 100.00
nvme0n4          0.00      0.00     0.00   0.00    0.00     0.00    0.00      0.00     0.00   0.00    0.00     0.00    0.00      0.00     0.00   0.00    0.00     0.00    0.00    0.00    0.00   0.00
sda              1.60     40.00     0.00   0.00   12.25    25.00    0.80      4.00     0.20  20.00    1.00     5.00    0.00      0.00     0.00   0.00    0.00     0.00    0.40    0.50    0.02   2.40

