Linux 5.19.0-rc5-xfstests-perf-00986-g953948f2acf6-dirty (harshads-do-not-delete-3) 	12/19/23 	_x86_64_	(32 CPU)


avg-cpu:  %user   %nice %system %iowait  %steal   %idle
           0.01    0.00    3.51    1.20    0.00   95.29

Device            r/s     rkB/s   rrqm/s  %rrqm r_await rareq-sz     w/s     wkB/s   wrqm/s  %wrqm w_await wareq-sz     d/s     dkB/s   drqm/s  %drqm d_await dareq-sz     f/s f_await  aqu-sz  %util
nvme0n1         37.80    151.20     0.00   0.00   10.31     4.00 8704.60  36636.00     9.80   0.11    0.06     4.21    0.00      0.00     0.00   0.00    0.00     0.00 4126.60    0.03    1.03  74.60
nvme0n2          0.00      0.00     0.00   0.00    0.00     0.00    0.00      0.00     0.00   0.00    0.00     0.00    0.00      0.00     0.00   0.00    0.00     0.00    0.00    0.00    0.00   0.00
nvme0n3          0.00      0.00     0.00   0.00    0.00     0.00 2745.40  16024.00  1260.60  31.47    0.11     5.84    0.00      0.00     0.00   0.00    0.00     0.00 2727.40    0.02    0.37  74.60
nvme0n4          0.00      0.00     0.00   0.00    0.00     0.00    0.00      0.00     0.00   0.00    0.00     0.00    0.00      0.00     0.00   0.00    0.00     0.00    0.00    0.00    0.00   0.00
sda             23.80    604.00    80.60  77.20    6.70    25.38   10.40     51.20     1.80  14.75    3.40     4.92    0.00      0.00     0.00   0.00    0.00     0.00    0.40    0.00    0.20   6.00


avg-cpu:  %user   %nice %system %iowait  %steal   %idle
           0.01    0.00    6.14    1.81    0.00   92.04

Device            r/s     rkB/s   rrqm/s  %rrqm r_await rareq-sz     w/s     wkB/s   wrqm/s  %wrqm w_await wareq-sz     d/s     dkB/s   drqm/s  %drqm d_await dareq-sz     f/s f_await  aqu-sz  %util
nvme0n1          0.00      0.00     0.00   0.00    0.00     0.00 14419.20  60233.60    33.80   0.23    0.06     4.18    0.00      0.00     0.00   0.00    0.00     0.00 6569.60    0.03    1.07 100.00
nvme0n2          0.00      0.00     0.00   0.00    0.00     0.00    0.00      0.00     0.00   0.00    0.00     0.00    0.00      0.00     0.00   0.00    0.00     0.00    0.00    0.00    0.00   0.00
nvme0n3          0.00      0.00     0.00   0.00    0.00     0.00 4103.20  25328.00  2228.80  35.20    0.11     6.17    0.00      0.00     0.00   0.00    0.00     0.00 4071.80    0.02    0.54 100.06
nvme0n4          0.00      0.00     0.00   0.00    0.00     0.00    0.00      0.00     0.00   0.00    0.00     0.00    0.00      0.00     0.00   0.00    0.00     0.00    0.00    0.00    0.00   0.00
sda              9.60    267.20    17.40  64.44    6.62    27.83    0.00      0.00     0.60 100.00    0.00     0.00    0.00      0.00     0.00   0.00    0.00     0.00    0.00    0.00    0.06   3.60


avg-cpu:  %user   %nice %system %iowait  %steal   %idle
           0.01    0.00    6.21    1.69    0.00   92.08

Device            r/s     rkB/s   rrqm/s  %rrqm r_await rareq-sz     w/s     wkB/s   wrqm/s  %wrqm w_await wareq-sz     d/s     dkB/s   drqm/s  %drqm d_await dareq-sz     f/s f_await  aqu-sz  %util
nvme0n1          0.00      0.00     0.00   0.00    0.00     0.00 14233.20  59132.80    31.20   0.22    0.06     4.15    0.00      0.00     0.00   0.00    0.00     0.00 6510.20    0.03    1.05  99.94
nvme0n2          0.00      0.00     0.00   0.00    0.00     0.00    0.00      0.00     0.00   0.00    0.00     0.00    0.00      0.00     0.00   0.00    0.00     0.00    0.00    0.00    0.00   0.00
nvme0n3          0.00      0.00     0.00   0.00    0.00     0.00 4076.40  25098.40  2198.20  35.03    0.11     6.16    0.00      0.00     0.00   0.00    0.00     0.00 4044.60    0.02    0.54 100.00
nvme0n4          0.00      0.00     0.00   0.00    0.00     0.00    0.00      0.00     0.00   0.00    0.00     0.00    0.00      0.00     0.00   0.00    0.00     0.00    0.00    0.00    0.00   0.00
sda              0.40      1.60     0.00   0.00    0.50     4.00    0.40      4.00     0.00   0.00    1.00    10.00    0.00      0.00     0.00   0.00    0.00     0.00    0.40    0.00    0.00   0.00


avg-cpu:  %user   %nice %system %iowait  %steal   %idle
           0.01    0.00    6.04    1.73    0.00   92.22

Device            r/s     rkB/s   rrqm/s  %rrqm r_await rareq-sz     w/s     wkB/s   wrqm/s  %wrqm w_await wareq-sz     d/s     dkB/s   drqm/s  %drqm d_await dareq-sz     f/s f_await  aqu-sz  %util
nvme0n1          0.00      0.00     0.00   0.00    0.00     0.00 13422.40  55628.00    29.40   0.22    0.06     4.14    0.00      0.00     0.00   0.00    0.00     0.00 6174.80    0.03    1.04 100.00
nvme0n2          0.00      0.00     0.00   0.00    0.00     0.00    0.00      0.00     0.00   0.00    0.00     0.00    0.00      0.00     0.00   0.00    0.00     0.00    0.00    0.00    0.00   0.00
nvme0n3          0.00      0.00     0.00   0.00    0.00     0.00 3898.60  24071.20  2119.20  35.22    0.11     6.17    0.00      0.00     0.00   0.00    0.00     0.00 3868.20    0.02    0.53 100.00
nvme0n4          0.00      0.00     0.00   0.00    0.00     0.00    0.00      0.00     0.00   0.00    0.00     0.00    0.00      0.00     0.00   0.00    0.00     0.00    0.00    0.00    0.00   0.00
sda              0.00      0.00     0.00   0.00    0.00     0.00   10.00     45.60     1.00   9.09   23.16     4.56    0.00      0.00     0.00   0.00    0.00     0.00    0.40    0.00    0.23   0.74


avg-cpu:  %user   %nice %system %iowait  %steal   %idle
           0.00    0.00    6.08    1.68    0.00   92.24

Device            r/s     rkB/s   rrqm/s  %rrqm r_await rareq-sz     w/s     wkB/s   wrqm/s  %wrqm w_await wareq-sz     d/s     dkB/s   drqm/s  %drqm d_await dareq-sz     f/s f_await  aqu-sz  %util
nvme0n1          0.00      0.00     0.00   0.00    0.00     0.00 13498.20  56091.20    22.80   0.17    0.06     4.16    0.00      0.00     0.00   0.00    0.00     0.00 6202.00    0.03    1.05 100.06
nvme0n2          0.00      0.00     0.00   0.00    0.00     0.00    0.00      0.00     0.00   0.00    0.00     0.00    0.00      0.00     0.00   0.00    0.00     0.00    0.00    0.00    0.00   0.00
nvme0n3          0.00      0.00     0.00   0.00    0.00     0.00 3901.20  23924.80  2080.00  34.78    0.11     6.13    0.00      0.00     0.00   0.00    0.00     0.00 3871.40    0.02    0.54 100.00
nvme0n4          0.00      0.00     0.00   0.00    0.00     0.00    0.00      0.00     0.00   0.00    0.00     0.00    0.00      0.00     0.00   0.00    0.00     0.00    0.00    0.00    0.00   0.00
sda              0.00      0.00     0.00   0.00    0.00     0.00    0.40      5.60     1.00  71.43    1.00    14.00    0.00      0.00     0.00   0.00    0.00     0.00    0.40    0.00    0.00   0.06


avg-cpu:  %user   %nice %system %iowait  %steal   %idle
           0.01    0.00    5.99    1.79    0.00   92.21

Device            r/s     rkB/s   rrqm/s  %rrqm r_await rareq-sz     w/s     wkB/s   wrqm/s  %wrqm w_await wareq-sz     d/s     dkB/s   drqm/s  %drqm d_await dareq-sz     f/s f_await  aqu-sz  %util
nvme0n1          0.00      0.00     0.00   0.00    0.00     0.00 13480.80  56080.80    29.00   0.21    0.07     4.16    0.00      0.00     0.00   0.00    0.00     0.00 6167.40    0.03    1.06 100.00
nvme0n2          0.00      0.00     0.00   0.00    0.00     0.00    0.00      0.00     0.00   0.00    0.00     0.00    0.00      0.00     0.00   0.00    0.00     0.00    0.00    0.00    0.00   0.00
nvme0n3          0.00      0.00     0.00   0.00    0.00     0.00 3864.20  23855.20  2099.60  35.21    0.11     6.17    0.00      0.00     0.00   0.00    0.00     0.00 3834.40    0.02    0.53 100.00
nvme0n4          0.00      0.00     0.00   0.00    0.00     0.00    0.00      0.00     0.00   0.00    0.00     0.00    0.00      0.00     0.00   0.00    0.00     0.00    0.00    0.00    0.00   0.00
sda              0.00      0.00     0.00   0.00    0.00     0.00    0.40      2.40     0.20  33.33    1.00     6.00    0.00      0.00     0.00   0.00    0.00     0.00    0.40    0.00    0.00   0.08


avg-cpu:  %user   %nice %system %iowait  %steal   %idle
           0.00    0.00    6.25    1.66    0.00   92.09

Device            r/s     rkB/s   rrqm/s  %rrqm r_await rareq-sz     w/s     wkB/s   wrqm/s  %wrqm w_await wareq-sz     d/s     dkB/s   drqm/s  %drqm d_await dareq-sz     f/s f_await  aqu-sz  %util
nvme0n1          0.00      0.00     0.00   0.00    0.00     0.00 13680.40  56960.00    30.40   0.22    0.07     4.16    0.00      0.00     0.00   0.00    0.00     0.00 6259.80    0.03    1.08  99.94
nvme0n2          0.00      0.00     0.00   0.00    0.00     0.00    0.00      0.00     0.00   0.00    0.00     0.00    0.00      0.00     0.00   0.00    0.00     0.00    0.00    0.00    0.00   0.00
nvme0n3          0.00      0.00     0.00   0.00    0.00     0.00 3929.80  24303.20  2146.00  35.32    0.11     6.18    0.00      0.00     0.00   0.00    0.00     0.00 3899.00    0.02    0.53 100.00
nvme0n4          0.00      0.00     0.00   0.00    0.00     0.00    0.00      0.00     0.00   0.00    0.00     0.00    0.00      0.00     0.00   0.00    0.00     0.00    0.00    0.00    0.00   0.00
sda              0.20      0.80     0.00   0.00   15.00     4.00    9.60     42.40     0.40   4.00   18.02     4.42    0.00      0.00     0.00   0.00    0.00     0.00    0.40    0.00    0.18   2.72


avg-cpu:  %user   %nice %system %iowait  %steal   %idle
           0.01    0.00    6.08    1.72    0.00   92.19

Device            r/s     rkB/s   rrqm/s  %rrqm r_await rareq-sz     w/s     wkB/s   wrqm/s  %wrqm w_await wareq-sz     d/s     dkB/s   drqm/s  %drqm d_await dareq-sz     f/s f_await  aqu-sz  %util
nvme0n1          0.00      0.00     0.00   0.00    0.00     0.00 13638.60  56387.20    22.60   0.17    0.06     4.13    0.00      0.00     0.00   0.00    0.00     0.00 6291.00    0.03    1.06 100.06
nvme0n2          0.00      0.00     0.00   0.00    0.00     0.00    0.00      0.00     0.00   0.00    0.00     0.00    0.00      0.00     0.00   0.00    0.00     0.00    0.00    0.00    0.00   0.00
nvme0n3          0.00      0.00     0.00   0.00    0.00     0.00 3951.40  24238.40  2108.20  34.79    0.11     6.13    0.00      0.00     0.00   0.00    0.00     0.00 3920.80    0.02    0.53 100.00
nvme0n4          0.00      0.00     0.00   0.00    0.00     0.00    0.00      0.00     0.00   0.00    0.00     0.00    0.00      0.00     0.00   0.00    0.00     0.00    0.00    0.00    0.00   0.00
sda              0.00      0.00     0.00   0.00    0.00     0.00    2.20     16.00     1.80  45.00    1.27     7.27    0.00      0.00     0.00   0.00    0.00     0.00    0.40    0.00    0.00   0.14


avg-cpu:  %user   %nice %system %iowait  %steal   %idle
           0.00    0.00    6.34    1.78    0.00   91.88

Device            r/s     rkB/s   rrqm/s  %rrqm r_await rareq-sz     w/s     wkB/s   wrqm/s  %wrqm w_await wareq-sz     d/s     dkB/s   drqm/s  %drqm d_await dareq-sz     f/s f_await  aqu-sz  %util
nvme0n1          0.00      0.00     0.00   0.00    0.00     0.00 13672.00  56562.40    29.60   0.22    0.06     4.14    0.00      0.00     0.00   0.00    0.00     0.00 6278.60    0.03    1.06 100.00
nvme0n2          0.00      0.00     0.00   0.00    0.00     0.00    0.00      0.00     0.00   0.00    0.00     0.00    0.00      0.00     0.00   0.00    0.00     0.00    0.00    0.00    0.00   0.00
nvme0n3          0.00      0.00     0.00   0.00    0.00     0.00 3942.80  24237.60  2116.60  34.93    0.11     6.15    0.00      0.00     0.00   0.00    0.00     0.00 3912.40    0.02    0.53 100.00
nvme0n4          0.00      0.00     0.00   0.00    0.00     0.00    0.00      0.00     0.00   0.00    0.00     0.00    0.00      0.00     0.00   0.00    0.00     0.00    0.00    0.00    0.00   0.00
sda              0.00      0.00     0.00   0.00    0.00     0.00    0.40      2.40     0.20  33.33    1.00     6.00    0.00      0.00     0.00   0.00    0.00     0.00    0.40    0.00    0.00   0.06


avg-cpu:  %user   %nice %system %iowait  %steal   %idle
           0.01    0.00    6.21    1.70    0.00   92.08

Device            r/s     rkB/s   rrqm/s  %rrqm r_await rareq-sz     w/s     wkB/s   wrqm/s  %wrqm w_await wareq-sz     d/s     dkB/s   drqm/s  %drqm d_await dareq-sz     f/s f_await  aqu-sz  %util
nvme0n1          0.00      0.00     0.00   0.00    0.00     0.00 13366.00  55165.60    19.80   0.15    0.06     4.13    0.00      0.00     0.00   0.00    0.00     0.00 6187.80    0.03    1.04  99.94
nvme0n2          0.00      0.00     0.00   0.00    0.00     0.00    0.00      0.00     0.00   0.00    0.00     0.00    0.00      0.00     0.00   0.00    0.00     0.00    0.00    0.00    0.00   0.00
nvme0n3          0.00      0.00     0.00   0.00    0.00     0.00 3911.60  24084.00  2109.40  35.03    0.11     6.16    0.00      0.00     0.00   0.00    0.00     0.00 3881.20    0.02    0.53  99.94
nvme0n4          0.00      0.00     0.00   0.00    0.00     0.00    0.00      0.00     0.00   0.00    0.00     0.00    0.00      0.00     0.00   0.00    0.00     0.00    0.00    0.00    0.00   0.00
sda              0.00      0.00     0.00   0.00    0.00     0.00    0.40      2.40     0.20  33.33    9.00     6.00    0.00      0.00     0.00   0.00    0.00     0.00    0.40    0.00    0.00   0.40


avg-cpu:  %user   %nice %system %iowait  %steal   %idle
           0.00    0.00    5.97    1.67    0.00   92.36

Device            r/s     rkB/s   rrqm/s  %rrqm r_await rareq-sz     w/s     wkB/s   wrqm/s  %wrqm w_await wareq-sz     d/s     dkB/s   drqm/s  %drqm d_await dareq-sz     f/s f_await  aqu-sz  %util
nvme0n1          0.00      0.00     0.00   0.00    0.00     0.00 12124.20  48670.40    29.20   0.24    0.06     4.01    0.00      0.00     0.00   0.00    0.00     0.00 5783.80    0.03    0.93 100.00
nvme0n2          0.00      0.00     0.00   0.00    0.00     0.00    0.00      0.00     0.00   0.00    0.00     0.00    0.00      0.00     0.00   0.00    0.00     0.00    0.00    0.00    0.00   0.00
nvme0n3          0.00      0.00     0.00   0.00    0.00     0.00 3716.20  22854.40  1997.40  34.96    0.11     6.15    0.00      0.00     0.00   0.00    0.00     0.00 3687.40    0.02    0.50 100.00
nvme0n4          0.00      0.00     0.00   0.00    0.00     0.00    0.00      0.00     0.00   0.00    0.00     0.00    0.00      0.00     0.00   0.00    0.00     0.00    0.00    0.00    0.00   0.00
sda              0.00      0.00     0.00   0.00    0.00     0.00    0.40      2.40     0.20  33.33   28.00     6.00    0.00      0.00     0.00   0.00    0.00     0.00    0.40    0.50    0.01   1.14


avg-cpu:  %user   %nice %system %iowait  %steal   %idle
           0.01    0.00    5.99    1.58    0.00   92.42

Device            r/s     rkB/s   rrqm/s  %rrqm r_await rareq-sz     w/s     wkB/s   wrqm/s  %wrqm w_await wareq-sz     d/s     dkB/s   drqm/s  %drqm d_await dareq-sz     f/s f_await  aqu-sz  %util
nvme0n1          0.00      0.00     0.00   0.00    0.00     0.00 12170.00  48872.80    21.20   0.17    0.06     4.02    0.00      0.00     0.00   0.00    0.00     0.00 5792.40    0.03    0.95  99.92
nvme0n2          0.00      0.00     0.00   0.00    0.00     0.00    0.00      0.00     0.00   0.00    0.00     0.00    0.00      0.00     0.00   0.00    0.00     0.00    0.00    0.00    0.00   0.00
nvme0n3          0.00      0.00     0.00   0.00    0.00     0.00 3715.20  22790.40  1982.40  34.79    0.11     6.13    0.00      0.00     0.00   0.00    0.00     0.00 3686.60    0.02    0.50 100.06
nvme0n4          0.00      0.00     0.00   0.00    0.00     0.00    0.00      0.00     0.00   0.00    0.00     0.00    0.00      0.00     0.00   0.00    0.00     0.00    0.00    0.00    0.00   0.00
sda              0.00      0.00     0.00   0.00    0.00     0.00    0.40      2.40     0.20  33.33    1.00     6.00    0.00      0.00     0.00   0.00    0.00     0.00    0.40    0.00    0.00   0.06


avg-cpu:  %user   %nice %system %iowait  %steal   %idle
           0.01    0.00    5.91    1.57    0.00   92.51

Device            r/s     rkB/s   rrqm/s  %rrqm r_await rareq-sz     w/s     wkB/s   wrqm/s  %wrqm w_await wareq-sz     d/s     dkB/s   drqm/s  %drqm d_await dareq-sz     f/s f_await  aqu-sz  %util
nvme0n1          0.00      0.00     0.00   0.00    0.00     0.00 12045.60  48487.20    31.00   0.26    0.06     4.03    0.00      0.00     0.00   0.00    0.00     0.00 5747.00    0.03    0.93 100.00
nvme0n2          0.00      0.00     0.00   0.00    0.00     0.00    0.00      0.00     0.00   0.00    0.00     0.00    0.00      0.00     0.00   0.00    0.00     0.00    0.00    0.00    0.00   0.00
nvme0n3          0.00      0.00     0.00   0.00    0.00     0.00 3694.20  22730.40  1988.40  34.99    0.11     6.15    0.00      0.00     0.00   0.00    0.00     0.00 3665.00    0.02    0.50 100.00
nvme0n4          0.00      0.00     0.00   0.00    0.00     0.00    0.00      0.00     0.00   0.00    0.00     0.00    0.00      0.00     0.00   0.00    0.00     0.00    0.00    0.00    0.00   0.00
sda              0.00      0.00     0.00   0.00    0.00     0.00    7.80     36.00     0.80   9.30   23.51     4.62    0.00      0.00     0.00   0.00    0.00     0.00    0.40    0.00    0.18   0.88


avg-cpu:  %user   %nice %system %iowait  %steal   %idle
           0.01    0.00    5.89    1.54    0.00   92.57

Device            r/s     rkB/s   rrqm/s  %rrqm r_await rareq-sz     w/s     wkB/s   wrqm/s  %wrqm w_await wareq-sz     d/s     dkB/s   drqm/s  %drqm d_await dareq-sz     f/s f_await  aqu-sz  %util
nvme0n1          0.00      0.00     0.00   0.00    0.00     0.00 12217.20  49166.40    22.80   0.19    0.06     4.02    0.00      0.00     0.00   0.00    0.00     0.00 5830.00    0.03    0.93 100.00
nvme0n2          0.00      0.00     0.00   0.00    0.00     0.00    0.00      0.00     0.00   0.00    0.00     0.00    0.00      0.00     0.00   0.00    0.00     0.00    0.00    0.00    0.00   0.00
nvme0n3          0.00      0.00     0.00   0.00    0.00     0.00 3747.80  23015.20  2006.00  34.86    0.11     6.14    0.00      0.00     0.00   0.00    0.00     0.00 3718.60    0.02    0.50 100.00
nvme0n4          0.00      0.00     0.00   0.00    0.00     0.00    0.00      0.00     0.00   0.00    0.00     0.00    0.00      0.00     0.00   0.00    0.00     0.00    0.00    0.00    0.00   0.00
sda              0.00      0.00     0.00   0.00    0.00     0.00    0.60      5.60     0.40  40.00    1.33     9.33    0.00      0.00     0.00   0.00    0.00     0.00    0.40    0.00    0.00   0.12


avg-cpu:  %user   %nice %system %iowait  %steal   %idle
           0.00    0.00    6.01    1.49    0.00   92.50

Device            r/s     rkB/s   rrqm/s  %rrqm r_await rareq-sz     w/s     wkB/s   wrqm/s  %wrqm w_await wareq-sz     d/s     dkB/s   drqm/s  %drqm d_await dareq-sz     f/s f_await  aqu-sz  %util
nvme0n1          0.00      0.00     0.00   0.00    0.00     0.00 12165.80  48992.80    23.80   0.20    0.06     4.03    0.00      0.00     0.00   0.00    0.00     0.00 5795.00    0.03    0.94 100.00
nvme0n2          0.00      0.00     0.00   0.00    0.00     0.00    0.00      0.00     0.00   0.00    0.00     0.00    0.00      0.00     0.00   0.00    0.00     0.00    0.00    0.00    0.00   0.00
nvme0n3          0.00      0.00     0.00   0.00    0.00     0.00 3716.00  22840.80  1994.20  34.92    0.11     6.15    0.00      0.00     0.00   0.00    0.00     0.00 3687.20    0.02    0.50 100.00
nvme0n4          0.00      0.00     0.00   0.00    0.00     0.00    0.00      0.00     0.00   0.00    0.00     0.00    0.00      0.00     0.00   0.00    0.00     0.00    0.00    0.00    0.00   0.00
sda              0.00      0.00     0.00   0.00    0.00     0.00    7.80     38.40     2.00  20.41   15.46     4.92    0.00      0.00     0.00   0.00    0.00     0.00    0.40    0.00    0.12   0.94


avg-cpu:  %user   %nice %system %iowait  %steal   %idle
           0.01    0.00    6.06    1.60    0.00   92.33

Device            r/s     rkB/s   rrqm/s  %rrqm r_await rareq-sz     w/s     wkB/s   wrqm/s  %wrqm w_await wareq-sz     d/s     dkB/s   drqm/s  %drqm d_await dareq-sz     f/s f_await  aqu-sz  %util
nvme0n1          0.00      0.00     0.00   0.00    0.00     0.00 12104.60  48444.80    23.80   0.20    0.06     4.00    0.00      0.00     0.00   0.00    0.00     0.00 5777.40    0.03    0.93 100.00
nvme0n2          0.00      0.00     0.00   0.00    0.00     0.00    0.00      0.00     0.00   0.00    0.00     0.00    0.00      0.00     0.00   0.00    0.00     0.00    0.00    0.00    0.00   0.00
nvme0n3          0.00      0.00     0.00   0.00    0.00     0.00 3710.80  22620.80  1944.40  34.38    0.11     6.10    0.00      0.00     0.00   0.00    0.00     0.00 3682.60    0.02    0.50 100.00
nvme0n4          0.00      0.00     0.00   0.00    0.00     0.00    0.00      0.00     0.00   0.00    0.00     0.00    0.00      0.00     0.00   0.00    0.00     0.00    0.00    0.00    0.00   0.00
sda              0.00      0.00     0.00   0.00    0.00     0.00    0.40      4.00     0.80  66.67    1.00    10.00    0.00      0.00     0.00   0.00    0.00     0.00    0.40    0.00    0.00   0.06


avg-cpu:  %user   %nice %system %iowait  %steal   %idle
           0.00    0.00    5.96    1.52    0.00   92.52

Device            r/s     rkB/s   rrqm/s  %rrqm r_await rareq-sz     w/s     wkB/s   wrqm/s  %wrqm w_await wareq-sz     d/s     dkB/s   drqm/s  %drqm d_await dareq-sz     f/s f_await  aqu-sz  %util
nvme0n1          0.00      0.00     0.00   0.00    0.00     0.00 12042.80  48694.40    33.00   0.27    0.06     4.04    0.00      0.00     0.00   0.00    0.00     0.00 5734.80    0.03    0.93 100.00
nvme0n2          0.00      0.00     0.00   0.00    0.00     0.00    0.00      0.00     0.00   0.00    0.00     0.00    0.00      0.00     0.00   0.00    0.00     0.00    0.00    0.00    0.00   0.00
nvme0n3          0.00      0.00     0.00   0.00    0.00     0.00 3675.20  22706.40  2001.40  35.26    0.11     6.18    0.00      0.00     0.00   0.00    0.00     0.00 3646.20    0.02    0.50 100.00
nvme0n4          0.00      0.00     0.00   0.00    0.00     0.00    0.00      0.00     0.00   0.00    0.00     0.00    0.00      0.00     0.00   0.00    0.00     0.00    0.00    0.00    0.00   0.00
sda              0.00      0.00     0.00   0.00    0.00     0.00    7.40     35.20     0.20   2.63   30.32     4.76    0.00      0.00     0.00   0.00    0.00     0.00    0.40    0.00    0.22   1.14


avg-cpu:  %user   %nice %system %iowait  %steal   %idle
           0.00    0.00    5.79    1.52    0.00   92.69

Device            r/s     rkB/s   rrqm/s  %rrqm r_await rareq-sz     w/s     wkB/s   wrqm/s  %wrqm w_await wareq-sz     d/s     dkB/s   drqm/s  %drqm d_await dareq-sz     f/s f_await  aqu-sz  %util
nvme0n1          0.00      0.00     0.00   0.00    0.00     0.00 12033.80  48244.80    25.20   0.21    0.06     4.01    0.00      0.00     0.00   0.00    0.00     0.00 5753.00    0.03    0.94 100.00
nvme0n2          0.00      0.00     0.00   0.00    0.00     0.00    0.00      0.00     0.00   0.00    0.00     0.00    0.00      0.00     0.00   0.00    0.00     0.00    0.00    0.00    0.00   0.00
nvme0n3          0.00      0.00     0.00   0.00    0.00     0.00 3702.00  22705.60  1974.40  34.78    0.11     6.13    0.00      0.00     0.00   0.00    0.00     0.00 3673.80    0.02    0.50 100.00
nvme0n4          0.00      0.00     0.00   0.00    0.00     0.00    0.00      0.00     0.00   0.00    0.00     0.00    0.00      0.00     0.00   0.00    0.00     0.00    0.00    0.00    0.00   0.00
sda              0.00      0.00     0.00   0.00    0.00     0.00    0.60      3.20     0.20  25.00    1.00     5.33    0.00      0.00     0.00   0.00    0.00     0.00    0.40    0.00    0.00   0.14


avg-cpu:  %user   %nice %system %iowait  %steal   %idle
           0.00    0.00    5.85    1.57    0.00   92.58

Device            r/s     rkB/s   rrqm/s  %rrqm r_await rareq-sz     w/s     wkB/s   wrqm/s  %wrqm w_await wareq-sz     d/s     dkB/s   drqm/s  %drqm d_await dareq-sz     f/s f_await  aqu-sz  %util
nvme0n1          0.00      0.00     0.00   0.00    0.00     0.00 12102.40  48665.60    25.00   0.21    0.06     4.02    0.00      0.00     0.00   0.00    0.00     0.00 5760.80    0.03    0.92 100.00
nvme0n2          0.00      0.00     0.00   0.00    0.00     0.00    0.00      0.00     0.00   0.00    0.00     0.00    0.00      0.00     0.00   0.00    0.00     0.00    0.00    0.00    0.00   0.00
nvme0n3          0.00      0.00     0.00   0.00    0.00     0.00 3697.60  22765.60  1993.80  35.03    0.11     6.16    0.00      0.00     0.00   0.00    0.00     0.00 3668.80    0.02    0.50 100.00
nvme0n4          0.00      0.00     0.00   0.00    0.00     0.00    0.00      0.00     0.00   0.00    0.00     0.00    0.00      0.00     0.00   0.00    0.00     0.00    0.00    0.00    0.00   0.00
sda              0.00      0.00     0.00   0.00    0.00     0.00    1.40      7.20     0.40  22.22    1.29     5.14    0.00      0.00     0.00   0.00    0.00     0.00    0.40    0.00    0.00   0.12


avg-cpu:  %user   %nice %system %iowait  %steal   %idle
           0.01    0.00    6.05    1.53    0.00   92.41

Device            r/s     rkB/s   rrqm/s  %rrqm r_await rareq-sz     w/s     wkB/s   wrqm/s  %wrqm w_await wareq-sz     d/s     dkB/s   drqm/s  %drqm d_await dareq-sz     f/s f_await  aqu-sz  %util
nvme0n1          0.00      0.00     0.00   0.00    0.00     0.00 12118.80  49022.40    47.80   0.39    0.06     4.05    0.00      0.00     0.00   0.00    0.00     0.00 5776.80    0.03    0.94 100.00
nvme0n2          0.00      0.00     0.00   0.00    0.00     0.00    0.00      0.00     0.00   0.00    0.00     0.00    0.00      0.00     0.00   0.00    0.00     0.00    0.00    0.00    0.00   0.00
nvme0n3          0.00      0.00     0.00   0.00    0.00     0.00 3713.60  22943.20  2022.20  35.26    0.11     6.18    0.00      0.00     0.00   0.00    0.00     0.00 3684.80    0.02    0.50 100.00
nvme0n4          0.00      0.00     0.00   0.00    0.00     0.00    0.00      0.00     0.00   0.00    0.00     0.00    0.00      0.00     0.00   0.00    0.00     0.00    0.00    0.00    0.00   0.00
sda              0.40      1.60     0.00   0.00    7.50     4.00    0.40      2.40     0.20  33.33    0.50     6.00    0.00      0.00     0.00   0.00    0.00     0.00    0.40    0.50    0.00   0.48


avg-cpu:  %user   %nice %system %iowait  %steal   %idle
           0.01    0.00    5.92    1.62    0.00   92.45

Device            r/s     rkB/s   rrqm/s  %rrqm r_await rareq-sz     w/s     wkB/s   wrqm/s  %wrqm w_await wareq-sz     d/s     dkB/s   drqm/s  %drqm d_await dareq-sz     f/s f_await  aqu-sz  %util
nvme0n1          0.00      0.00     0.00   0.00    0.00     0.00 12026.40  48494.40    29.20   0.24    0.06     4.03    0.00      0.00     0.00   0.00    0.00     0.00 5732.00    0.03    0.92 100.00
nvme0n2          0.00      0.00     0.00   0.00    0.00     0.00    0.00      0.00     0.00   0.00    0.00     0.00    0.00      0.00     0.00   0.00    0.00     0.00    0.00    0.00    0.00   0.00
nvme0n3          0.00      0.00     0.00   0.00    0.00     0.00 3686.20  22748.00  2000.80  35.18    0.11     6.17    0.00      0.00     0.00   0.00    0.00     0.00 3657.40    0.02    0.50 100.00
nvme0n4          0.00      0.00     0.00   0.00    0.00     0.00    0.00      0.00     0.00   0.00    0.00     0.00    0.00      0.00     0.00   0.00    0.00     0.00    0.00    0.00    0.00   0.00
sda             28.20   2452.80     6.00  17.54    1.48    86.98    0.80      4.80     1.40  63.64   12.75     6.00    0.00      0.00     0.00   0.00    0.00     0.00    0.40    0.00    0.05   3.66


avg-cpu:  %user   %nice %system %iowait  %steal   %idle
           0.00    0.00    5.97    1.56    0.00   92.47

Device            r/s     rkB/s   rrqm/s  %rrqm r_await rareq-sz     w/s     wkB/s   wrqm/s  %wrqm w_await wareq-sz     d/s     dkB/s   drqm/s  %drqm d_await dareq-sz     f/s f_await  aqu-sz  %util
nvme0n1          0.00      0.00     0.00   0.00    0.00     0.00 12070.00  48472.80    31.80   0.26    0.06     4.02    0.00      0.00     0.00   0.00    0.00     0.00 5760.40    0.03    0.93 100.00
nvme0n2          0.00      0.00     0.00   0.00    0.00     0.00    0.00      0.00     0.00   0.00    0.00     0.00    0.00      0.00     0.00   0.00    0.00     0.00    0.00    0.00    0.00   0.00
nvme0n3          0.00      0.00     0.00   0.00    0.00     0.00 3695.80  22717.60  1983.60  34.93    0.11     6.15    0.00      0.00     0.00   0.00    0.00     0.00 3667.20    0.02    0.50 100.00
nvme0n4          0.00      0.00     0.00   0.00    0.00     0.00    0.00      0.00     0.00   0.00    0.00     0.00    0.00      0.00     0.00   0.00    0.00     0.00    0.00    0.00    0.00   0.00
sda              0.00      0.00     0.00   0.00    0.00     0.00   17.60     82.40     0.80   4.35    3.89     4.68    0.00      0.00     0.00   0.00    0.00     0.00    0.40    0.00    0.07   0.80


avg-cpu:  %user   %nice %system %iowait  %steal   %idle
           0.01    0.00    6.03    1.48    0.00   92.48

Device            r/s     rkB/s   rrqm/s  %rrqm r_await rareq-sz     w/s     wkB/s   wrqm/s  %wrqm w_await wareq-sz     d/s     dkB/s   drqm/s  %drqm d_await dareq-sz     f/s f_await  aqu-sz  %util
nvme0n1          0.00      0.00     0.00   0.00    0.00     0.00 12222.60  49188.80    26.60   0.22    0.06     4.02    0.00      0.00     0.00   0.00    0.00     0.00 5813.40    0.03    0.93 100.00
nvme0n2          0.00      0.00     0.00   0.00    0.00     0.00    0.00      0.00     0.00   0.00    0.00     0.00    0.00      0.00     0.00   0.00    0.00     0.00    0.00    0.00    0.00   0.00
nvme0n3          0.00      0.00     0.00   0.00    0.00     0.00 3728.20  22894.40  1995.40  34.86    0.11     6.14    0.00      0.00     0.00   0.00    0.00     0.00 3699.40    0.02    0.50 100.00
nvme0n4          0.00      0.00     0.00   0.00    0.00     0.00    0.00      0.00     0.00   0.00    0.00     0.00    0.00      0.00     0.00   0.00    0.00     0.00    0.00    0.00    0.00   0.00
sda              0.00      0.00     0.00   0.00    0.00     0.00    0.40      4.00     0.20  33.33    3.00    10.00    0.00      0.00     0.00   0.00    0.00     0.00    0.40    0.00    0.00   0.20


avg-cpu:  %user   %nice %system %iowait  %steal   %idle
           0.01    0.00    6.13    1.54    0.00   92.32

Device            r/s     rkB/s   rrqm/s  %rrqm r_await rareq-sz     w/s     wkB/s   wrqm/s  %wrqm w_await wareq-sz     d/s     dkB/s   drqm/s  %drqm d_await dareq-sz     f/s f_await  aqu-sz  %util
nvme0n1          0.00      0.00     0.00   0.00    0.00     0.00 12193.80  48954.40    28.80   0.24    0.06     4.01    0.00      0.00     0.00   0.00    0.00     0.00 5840.00    0.03    0.93 100.00
nvme0n2          0.00      0.00     0.00   0.00    0.00     0.00    0.00      0.00     0.00   0.00    0.00     0.00    0.00      0.00     0.00   0.00    0.00     0.00    0.00    0.00    0.00   0.00
nvme0n3          0.00      0.00     0.00   0.00    0.00     0.00 3759.40  23114.40  2019.20  34.94    0.11     6.15    0.00      0.00     0.00   0.00    0.00     0.00 3730.40    0.02    0.50 100.00
nvme0n4          0.00      0.00     0.00   0.00    0.00     0.00    0.00      0.00     0.00   0.00    0.00     0.00    0.00      0.00     0.00   0.00    0.00     0.00    0.00    0.00    0.00   0.00
sda              0.00      0.00     0.00   0.00    0.00     0.00    0.40      2.40     1.00  71.43    1.50     6.00    0.00      0.00     0.00   0.00    0.00     0.00    0.40    0.00    0.00   0.06


avg-cpu:  %user   %nice %system %iowait  %steal   %idle
           0.01    0.00    5.92    1.52    0.00   92.55

Device            r/s     rkB/s   rrqm/s  %rrqm r_await rareq-sz     w/s     wkB/s   wrqm/s  %wrqm w_await wareq-sz     d/s     dkB/s   drqm/s  %drqm d_await dareq-sz     f/s f_await  aqu-sz  %util
nvme0n1          0.00      0.00     0.00   0.00    0.00     0.00 12182.80  49185.60    25.20   0.21    0.06     4.04    0.00      0.00     0.00   0.00    0.00     0.00 5782.20    0.03    0.94  99.94
nvme0n2          0.00      0.00     0.00   0.00    0.00     0.00    0.00      0.00     0.00   0.00    0.00     0.00    0.00      0.00     0.00   0.00    0.00     0.00    0.00    0.00    0.00   0.00
nvme0n3          0.00      0.00     0.00   0.00    0.00     0.00 3707.00  22862.40  2008.60  35.14    0.11     6.17    0.00      0.00     0.00   0.00    0.00     0.00 3678.00    0.02    0.50 100.00
nvme0n4          0.00      0.00     0.00   0.00    0.00     0.00    0.00      0.00     0.00   0.00    0.00     0.00    0.00      0.00     0.00   0.00    0.00     0.00    0.00    0.00    0.00   0.00
sda              0.00      0.00     0.00   0.00    0.00     0.00   11.20     52.00     0.80   6.67   14.89     4.64    0.00      0.00     0.00   0.00    0.00     0.00    0.40    0.00    0.17   0.48


avg-cpu:  %user   %nice %system %iowait  %steal   %idle
           0.01    0.00    5.96    1.50    0.00   92.54

Device            r/s     rkB/s   rrqm/s  %rrqm r_await rareq-sz     w/s     wkB/s   wrqm/s  %wrqm w_await wareq-sz     d/s     dkB/s   drqm/s  %drqm d_await dareq-sz     f/s f_await  aqu-sz  %util
nvme0n1          0.00      0.00     0.00   0.00    0.00     0.00 12181.40  49026.40    31.80   0.26    0.06     4.02    0.00      0.00     0.00   0.00    0.00     0.00 5803.80    0.03    0.95 100.00
nvme0n2          0.00      0.00     0.00   0.00    0.00     0.00    0.00      0.00     0.00   0.00    0.00     0.00    0.00      0.00     0.00   0.00    0.00     0.00    0.00    0.00    0.00   0.00
nvme0n3          0.00      0.00     0.00   0.00    0.00     0.00 3724.20  22863.20  1991.60  34.84    0.11     6.14    0.00      0.00     0.00   0.00    0.00     0.00 3695.00    0.02    0.50 100.00
nvme0n4          0.00      0.00     0.00   0.00    0.00     0.00    0.00      0.00     0.00   0.00    0.00     0.00    0.00      0.00     0.00   0.00    0.00     0.00    0.00    0.00    0.00   0.00
sda              0.00      0.00     0.00   0.00    0.00     0.00    0.40      4.00     0.20  33.33    1.00    10.00    0.00      0.00     0.00   0.00    0.00     0.00    0.40    0.00    0.00   0.06


avg-cpu:  %user   %nice %system %iowait  %steal   %idle
           0.00    0.00    5.98    1.58    0.00   92.45

Device            r/s     rkB/s   rrqm/s  %rrqm r_await rareq-sz     w/s     wkB/s   wrqm/s  %wrqm w_await wareq-sz     d/s     dkB/s   drqm/s  %drqm d_await dareq-sz     f/s f_await  aqu-sz  %util
nvme0n1          0.00      0.00     0.00   0.00    0.00     0.00 12191.40  49088.80    21.00   0.17    0.06     4.03    0.00      0.00     0.00   0.00    0.00     0.00 5796.00    0.03    0.93  99.94
nvme0n2          0.00      0.00     0.00   0.00    0.00     0.00    0.00      0.00     0.00   0.00    0.00     0.00    0.00      0.00     0.00   0.00    0.00     0.00    0.00    0.00    0.00   0.00
nvme0n3          0.00      0.00     0.00   0.00    0.00     0.00 3716.80  22888.00  2005.20  35.04    0.11     6.16    0.00      0.00     0.00   0.00    0.00     0.00 3688.00    0.02    0.50 100.00
nvme0n4          0.00      0.00     0.00   0.00    0.00     0.00    0.00      0.00     0.00   0.00    0.00     0.00    0.00      0.00     0.00   0.00    0.00     0.00    0.00    0.00    0.00   0.00
sda              0.20      0.80     0.00   0.00   42.00     4.00    1.00      5.60     1.20  54.55    2.20     5.60    0.00      0.00     0.00   0.00    0.00     0.00    0.40    0.00    0.01   1.00


avg-cpu:  %user   %nice %system %iowait  %steal   %idle
           0.02    0.00    6.28    1.58    0.00   92.12

Device            r/s     rkB/s   rrqm/s  %rrqm r_await rareq-sz     w/s     wkB/s   wrqm/s  %wrqm w_await wareq-sz     d/s     dkB/s   drqm/s  %drqm d_await dareq-sz     f/s f_await  aqu-sz  %util
nvme0n1          0.00      0.00     0.00   0.00    0.00     0.00 13034.80  52648.00    33.80   0.26    0.06     4.04    0.00      0.00     0.00   0.00    0.00     0.00 6156.00    0.03    0.96 100.00
nvme0n2          0.00      0.00     0.00   0.00    0.00     0.00    0.00      0.00     0.00   0.00    0.00     0.00    0.00      0.00     0.00   0.00    0.00     0.00    0.00    0.00    0.00   0.00
nvme0n3          0.00      0.00     0.00   0.00    0.00     0.00 3930.80  24168.00  2111.20  34.94    0.11     6.15    0.00      0.00     0.00   0.00    0.00     0.00 3900.60    0.02    0.52 100.00
nvme0n4          0.00      0.00     0.00   0.00    0.00     0.00    0.00      0.00     0.00   0.00    0.00     0.00    0.00      0.00     0.00   0.00    0.00     0.00    0.00    0.00    0.00   0.00
sda              0.00      0.00     0.00   0.00    0.00     0.00    1.80     13.60     1.00  35.71   27.67     7.56    0.00      0.00     0.00   0.00    0.00     0.00    0.40    0.00    0.05   1.66


avg-cpu:  %user   %nice %system %iowait  %steal   %idle
           0.00    0.00    6.31    1.50    0.00   92.19

Device            r/s     rkB/s   rrqm/s  %rrqm r_await rareq-sz     w/s     wkB/s   wrqm/s  %wrqm w_await wareq-sz     d/s     dkB/s   drqm/s  %drqm d_await dareq-sz     f/s f_await  aqu-sz  %util
nvme0n1          0.00      0.00     0.00   0.00    0.00     0.00 13024.00  52820.00    23.20   0.18    0.06     4.06    0.00      0.00     0.00   0.00    0.00     0.00 6135.80    0.03    0.96 100.00
nvme0n2          0.00      0.00     0.00   0.00    0.00     0.00    0.00      0.00     0.00   0.00    0.00     0.00    0.00      0.00     0.00   0.00    0.00     0.00    0.00    0.00    0.00   0.00
nvme0n3          0.00      0.00     0.00   0.00    0.00     0.00 3907.40  24091.20  2115.40  35.12    0.11     6.17    0.00      0.00     0.00   0.00    0.00     0.00 3876.80    0.02    0.51 100.00
nvme0n4          0.00      0.00     0.00   0.00    0.00     0.00    0.00      0.00     0.00   0.00    0.00     0.00    0.00      0.00     0.00   0.00    0.00     0.00    0.00    0.00    0.00   0.00
sda              0.00      0.00     0.00   0.00    0.00     0.00    0.40      4.00     0.80  66.67    1.00    10.00    0.00      0.00     0.00   0.00    0.00     0.00    0.40    0.00    0.00   0.08


avg-cpu:  %user   %nice %system %iowait  %steal   %idle
           0.00    0.00    6.39    1.54    0.00   92.07

Device            r/s     rkB/s   rrqm/s  %rrqm r_await rareq-sz     w/s     wkB/s   wrqm/s  %wrqm w_await wareq-sz     d/s     dkB/s   drqm/s  %drqm d_await dareq-sz     f/s f_await  aqu-sz  %util
nvme0n1          0.00      0.00     0.00   0.00    0.00     0.00 13314.80  53652.80    20.60   0.15    0.06     4.03    0.00      0.00     0.00   0.00    0.00     0.00 6307.60    0.03    0.96 100.00
nvme0n2          0.00      0.00     0.00   0.00    0.00     0.00    0.00      0.00     0.00   0.00    0.00     0.00    0.00      0.00     0.00   0.00    0.00     0.00    0.00    0.00    0.00   0.00
nvme0n3          0.00      0.00     0.00   0.00    0.00     0.00 4030.80  24746.40  2155.80  34.85    0.11     6.14    0.00      0.00     0.00   0.00    0.00     0.00 3999.60    0.02    0.51 100.00
nvme0n4          0.00      0.00     0.00   0.00    0.00     0.00    0.00      0.00     0.00   0.00    0.00     0.00    0.00      0.00     0.00   0.00    0.00     0.00    0.00    0.00    0.00   0.00
sda              0.00      0.00     0.00   0.00    0.00     0.00    7.40     34.40     0.20   2.63    9.78     4.65    0.00      0.00     0.00   0.00    0.00     0.00    0.40    0.50    0.07   0.60


avg-cpu:  %user   %nice %system %iowait  %steal   %idle
           0.01    0.00    6.34    1.66    0.00   91.99

Device            r/s     rkB/s   rrqm/s  %rrqm r_await rareq-sz     w/s     wkB/s   wrqm/s  %wrqm w_await wareq-sz     d/s     dkB/s   drqm/s  %drqm d_await dareq-sz     f/s f_await  aqu-sz  %util
nvme0n1          0.00      0.00     0.00   0.00    0.00     0.00 13086.80  52910.40    23.40   0.18    0.06     4.04    0.00      0.00     0.00   0.00    0.00     0.00 6165.60    0.03    0.95 100.00
nvme0n2          0.00      0.00     0.00   0.00    0.00     0.00    0.00      0.00     0.00   0.00    0.00     0.00    0.00      0.00     0.00   0.00    0.00     0.00    0.00    0.00    0.00   0.00
nvme0n3          0.00      0.00     0.00   0.00    0.00     0.00 3928.80  24203.20  2122.00  35.07    0.11     6.16    0.00      0.00     0.00   0.00    0.00     0.00 3898.40    0.02    0.51 100.00
nvme0n4          0.00      0.00     0.00   0.00    0.00     0.00    0.00      0.00     0.00   0.00    0.00     0.00    0.00      0.00     0.00   0.00    0.00     0.00    0.00    0.00    0.00   0.00
sda              0.00      0.00     0.00   0.00    0.00     0.00    0.40      2.40     0.80  66.67    1.00     6.00    0.00      0.00     0.00   0.00    0.00     0.00    0.40    0.00    0.00   0.06


avg-cpu:  %user   %nice %system %iowait  %steal   %idle
           0.00    0.00    6.12    1.65    0.00   92.23

Device            r/s     rkB/s   rrqm/s  %rrqm r_await rareq-sz     w/s     wkB/s   wrqm/s  %wrqm w_await wareq-sz     d/s     dkB/s   drqm/s  %drqm d_await dareq-sz     f/s f_await  aqu-sz  %util
nvme0n1          0.00      0.00     0.00   0.00    0.00     0.00 13100.80  53231.20    32.00   0.24    0.06     4.06    0.00      0.00     0.00   0.00    0.00     0.00 6182.20    0.03    0.96 100.00
nvme0n2          0.00      0.00     0.00   0.00    0.00     0.00    0.00      0.00     0.00   0.00    0.00     0.00    0.00      0.00     0.00   0.00    0.00     0.00    0.00    0.00    0.00   0.00
nvme0n3          0.00      0.00     0.00   0.00    0.00     0.00 3938.20  24341.60  2147.20  35.28    0.11     6.18    0.00      0.00     0.00   0.00    0.00     0.00 3907.60    0.02    0.51 100.00
nvme0n4          0.00      0.00     0.00   0.00    0.00     0.00    0.00      0.00     0.00   0.00    0.00     0.00    0.00      0.00     0.00   0.00    0.00     0.00    0.00    0.00    0.00   0.00
sda              0.00      0.00     0.00   0.00    0.00     0.00    8.00     36.80     0.60   6.98   20.82     4.60    0.00      0.00     0.00   0.00    0.00     0.00    0.40    0.00    0.17   1.34


avg-cpu:  %user   %nice %system %iowait  %steal   %idle
           0.00    0.00    6.04    1.64    0.00   92.32

Device            r/s     rkB/s   rrqm/s  %rrqm r_await rareq-sz     w/s     wkB/s   wrqm/s  %wrqm w_await wareq-sz     d/s     dkB/s   drqm/s  %drqm d_await dareq-sz     f/s f_await  aqu-sz  %util
nvme0n1          0.00      0.00     0.00   0.00    0.00     0.00 13069.00  53344.00    37.20   0.28    0.06     4.08    0.00      0.00     0.00   0.00    0.00     0.00 6158.60    0.03    0.95 100.00
nvme0n2          0.00      0.00     0.00   0.00    0.00     0.00    0.00      0.00     0.00   0.00    0.00     0.00    0.00      0.00     0.00   0.00    0.00     0.00    0.00    0.00    0.00   0.00
nvme0n3          0.00      0.00     0.00   0.00    0.00     0.00 3927.00  24264.00  2139.00  35.26    0.11     6.18    0.00      0.00     0.00   0.00    0.00     0.00 3896.20    0.02    0.52 100.00
nvme0n4          0.00      0.00     0.00   0.00    0.00     0.00    0.00      0.00     0.00   0.00    0.00     0.00    0.00      0.00     0.00   0.00    0.00     0.00    0.00    0.00    0.00   0.00
sda              0.00      0.00     0.00   0.00    0.00     0.00    0.40      4.00     0.20  33.33    0.50    10.00    0.00      0.00     0.00   0.00    0.00     0.00    0.40    0.00    0.00   0.06


avg-cpu:  %user   %nice %system %iowait  %steal   %idle
           0.00    0.00    5.99    1.48    0.00   92.52

Device            r/s     rkB/s   rrqm/s  %rrqm r_await rareq-sz     w/s     wkB/s   wrqm/s  %wrqm w_await wareq-sz     d/s     dkB/s   drqm/s  %drqm d_await dareq-sz     f/s f_await  aqu-sz  %util
nvme0n1          0.00      0.00     0.00   0.00    0.00     0.00 12923.20  52691.20    26.80   0.21    0.06     4.08    0.00      0.00     0.00   0.00    0.00     0.00 6092.60    0.03    0.95 100.00
nvme0n2          0.00      0.00     0.00   0.00    0.00     0.00    0.00      0.00     0.00   0.00    0.00     0.00    0.00      0.00     0.00   0.00    0.00     0.00    0.00    0.00    0.00   0.00
nvme0n3          0.00      0.00     0.00   0.00    0.00     0.00 3887.20  23918.40  2092.40  34.99    0.11     6.15    0.00      0.00     0.00   0.00    0.00     0.00 3857.20    0.02    0.52 100.00
nvme0n4          0.00      0.00     0.00   0.00    0.00     0.00    0.00      0.00     0.00   0.00    0.00     0.00    0.00      0.00     0.00   0.00    0.00     0.00    0.00    0.00    0.00   0.00
sda              0.00      0.00     0.00   0.00    0.00     0.00    0.40      2.40     0.20  33.33    1.50     6.00    0.00      0.00     0.00   0.00    0.00     0.00    0.40    0.00    0.00   0.06


avg-cpu:  %user   %nice %system %iowait  %steal   %idle
           0.01    0.00    5.84    1.68    0.00   92.47

Device            r/s     rkB/s   rrqm/s  %rrqm r_await rareq-sz     w/s     wkB/s   wrqm/s  %wrqm w_await wareq-sz     d/s     dkB/s   drqm/s  %drqm d_await dareq-sz     f/s f_await  aqu-sz  %util
nvme0n1          0.00      0.00     0.00   0.00    0.00     0.00 12915.20  52188.00    29.60   0.23    0.06     4.04    0.00      0.00     0.00   0.00    0.00     0.00 6086.20    0.03    0.94 100.00
nvme0n2          0.00      0.00     0.00   0.00    0.00     0.00    0.00      0.00     0.00   0.00    0.00     0.00    0.00      0.00     0.00   0.00    0.00     0.00    0.00    0.00    0.00   0.00
nvme0n3          0.00      0.00     0.00   0.00    0.00     0.00 3886.20  24056.00  2127.80  35.38    0.11     6.19    0.00      0.00     0.00   0.00    0.00     0.00 3856.00    0.02    0.52 100.00
nvme0n4          0.00      0.00     0.00   0.00    0.00     0.00    0.00      0.00     0.00   0.00    0.00     0.00    0.00      0.00     0.00   0.00    0.00     0.00    0.00    0.00    0.00   0.00
sda              0.20      0.80     0.00   0.00   50.00     4.00    2.00     10.40     0.80  28.57   26.30     5.20    0.00      0.00     0.00   0.00    0.00     0.00    0.40    0.00    0.06   2.54


avg-cpu:  %user   %nice %system %iowait  %steal   %idle
           0.00    0.00    5.95    1.66    0.00   92.39

Device            r/s     rkB/s   rrqm/s  %rrqm r_await rareq-sz     w/s     wkB/s   wrqm/s  %wrqm w_await wareq-sz     d/s     dkB/s   drqm/s  %drqm d_await dareq-sz     f/s f_await  aqu-sz  %util
nvme0n1          0.00      0.00     0.00   0.00    0.00     0.00 12928.60  52277.60    25.60   0.20    0.06     4.04    0.00      0.00     0.00   0.00    0.00     0.00 6104.40    0.03    0.94 100.00
nvme0n2          0.00      0.00     0.00   0.00    0.00     0.00    0.00      0.00     0.00   0.00    0.00     0.00    0.00      0.00     0.00   0.00    0.00     0.00    0.00    0.00    0.00   0.00
nvme0n3          0.00      0.00     0.00   0.00    0.00     0.00 3891.00  23940.00  2094.00  34.99    0.11     6.15    0.00      0.00     0.00   0.00    0.00     0.00 3861.00    0.02    0.52 100.00
nvme0n4          0.00      0.00     0.00   0.00    0.00     0.00    0.00      0.00     0.00   0.00    0.00     0.00    0.00      0.00     0.00   0.00    0.00     0.00    0.00    0.00    0.00   0.00
sda              0.00      0.00     0.00   0.00    0.00     0.00    0.40      4.00     0.80  66.67    1.00    10.00    0.00      0.00     0.00   0.00    0.00     0.00    0.40    0.00    0.00   0.06


avg-cpu:  %user   %nice %system %iowait  %steal   %idle
           0.01    0.00    6.21    1.57    0.00   92.21

Device            r/s     rkB/s   rrqm/s  %rrqm r_await rareq-sz     w/s     wkB/s   wrqm/s  %wrqm w_await wareq-sz     d/s     dkB/s   drqm/s  %drqm d_await dareq-sz     f/s f_await  aqu-sz  %util
nvme0n1          0.00      0.00     0.00   0.00    0.00     0.00 13083.60  52951.20    27.80   0.21    0.06     4.05    0.00      0.00     0.00   0.00    0.00     0.00 6168.60    0.03    0.97 100.00
nvme0n2          0.00      0.00     0.00   0.00    0.00     0.00    0.00      0.00     0.00   0.00    0.00     0.00    0.00      0.00     0.00   0.00    0.00     0.00    0.00    0.00    0.00   0.00
nvme0n3          0.00      0.00     0.00   0.00    0.00     0.00 3937.20  24262.40  2128.40  35.09    0.11     6.16    0.00      0.00     0.00   0.00    0.00     0.00 3906.60    0.02    0.51 100.00
nvme0n4          0.00      0.00     0.00   0.00    0.00     0.00    0.00      0.00     0.00   0.00    0.00     0.00    0.00      0.00     0.00   0.00    0.00     0.00    0.00    0.00    0.00   0.00
sda              0.00      0.00     0.00   0.00    0.00     0.00    7.40     34.40     0.20   2.63   11.19     4.65    0.00      0.00     0.00   0.00    0.00     0.00    0.40    0.00    0.08   0.68


avg-cpu:  %user   %nice %system %iowait  %steal   %idle
           0.00    0.00    6.24    1.59    0.00   92.17

Device            r/s     rkB/s   rrqm/s  %rrqm r_await rareq-sz     w/s     wkB/s   wrqm/s  %wrqm w_await wareq-sz     d/s     dkB/s   drqm/s  %drqm d_await dareq-sz     f/s f_await  aqu-sz  %util
nvme0n1          0.00      0.00     0.00   0.00    0.00     0.00 13046.00  52981.60    32.20   0.25    0.06     4.06    0.00      0.00     0.00   0.00    0.00     0.00 6162.20    0.03    0.96 100.00
nvme0n2          0.00      0.00     0.00   0.00    0.00     0.00    0.00      0.00     0.00   0.00    0.00     0.00    0.00      0.00     0.00   0.00    0.00     0.00    0.00    0.00    0.00   0.00
nvme0n3          0.00      0.00     0.00   0.00    0.00     0.00 3929.80  24188.00  2117.20  35.01    0.11     6.16    0.00      0.00     0.00   0.00    0.00     0.00 3899.40    0.02    0.52 100.00
nvme0n4          0.00      0.00     0.00   0.00    0.00     0.00    0.00      0.00     0.00   0.00    0.00     0.00    0.00      0.00     0.00   0.00    0.00     0.00    0.00    0.00    0.00   0.00
sda              0.00      0.00     0.00   0.00    0.00     0.00    0.40      2.40     0.20  33.33    1.00     6.00    0.00      0.00     0.00   0.00    0.00     0.00    0.40    0.00    0.00   0.06


avg-cpu:  %user   %nice %system %iowait  %steal   %idle
           0.01    0.00    6.51    1.67    0.00   91.81

Device            r/s     rkB/s   rrqm/s  %rrqm r_await rareq-sz     w/s     wkB/s   wrqm/s  %wrqm w_await wareq-sz     d/s     dkB/s   drqm/s  %drqm d_await dareq-sz     f/s f_await  aqu-sz  %util
nvme0n1          0.00      0.00     0.00   0.00    0.00     0.00 13226.00  53362.40    24.60   0.19    0.06     4.03    0.00      0.00     0.00   0.00    0.00     0.00 6255.00    0.03    0.96 100.00
nvme0n2          0.00      0.00     0.00   0.00    0.00     0.00    0.00      0.00     0.00   0.00    0.00     0.00    0.00      0.00     0.00   0.00    0.00     0.00    0.00    0.00    0.00   0.00
nvme0n3          0.00      0.00     0.00   0.00    0.00     0.00 3994.80  24675.20  2174.00  35.24    0.11     6.18    0.00      0.00     0.00   0.00    0.00     0.00 3963.40    0.02    0.51 100.00
nvme0n4          0.00      0.00     0.00   0.00    0.00     0.00    0.00      0.00     0.00   0.00    0.00     0.00    0.00      0.00     0.00   0.00    0.00     0.00    0.00    0.00    0.00   0.00
sda              0.00      0.00     0.00   0.00    0.00     0.00    0.40      2.40     0.20  33.33   22.00     6.00    0.00      0.00     0.00   0.00    0.00     0.00    0.40    0.50    0.01   0.94


avg-cpu:  %user   %nice %system %iowait  %steal   %idle
           0.01    0.00    6.08    1.61    0.00   92.31

Device            r/s     rkB/s   rrqm/s  %rrqm r_await rareq-sz     w/s     wkB/s   wrqm/s  %wrqm w_await wareq-sz     d/s     dkB/s   drqm/s  %drqm d_await dareq-sz     f/s f_await  aqu-sz  %util
nvme0n1          0.00      0.00     0.00   0.00    0.00     0.00 13029.60  53128.00    26.80   0.21    0.06     4.08    0.00      0.00     0.00   0.00    0.00     0.00 6127.60    0.03    0.96 100.00
nvme0n2          0.00      0.00     0.00   0.00    0.00     0.00    0.00      0.00     0.00   0.00    0.00     0.00    0.00      0.00     0.00   0.00    0.00     0.00    0.00    0.00    0.00   0.00
nvme0n3          0.00      0.00     0.00   0.00    0.00     0.00 3908.80  24112.80  2119.40  35.16    0.11     6.17    0.00      0.00     0.00   0.00    0.00     0.00 3878.40    0.02    0.52 100.00
nvme0n4          0.00      0.00     0.00   0.00    0.00     0.00    0.00      0.00     0.00   0.00    0.00     0.00    0.00      0.00     0.00   0.00    0.00     0.00    0.00    0.00    0.00   0.00
sda              0.00      0.00     0.00   0.00    0.00     0.00    0.40      2.40     0.80  66.67   16.00     6.00    0.00      0.00     0.00   0.00    0.00     0.00    0.40    0.00    0.01   0.66


avg-cpu:  %user   %nice %system %iowait  %steal   %idle
           0.01    0.00    6.18    1.61    0.00   92.21

Device            r/s     rkB/s   rrqm/s  %rrqm r_await rareq-sz     w/s     wkB/s   wrqm/s  %wrqm w_await wareq-sz     d/s     dkB/s   drqm/s  %drqm d_await dareq-sz     f/s f_await  aqu-sz  %util
nvme0n1          0.00      0.00     0.00   0.00    0.00     0.00 13104.40  53329.60    21.80   0.17    0.06     4.07    0.00      0.00     0.00   0.00    0.00     0.00 6178.00    0.03    0.96 100.00
nvme0n2          0.00      0.00     0.00   0.00    0.00     0.00    0.00      0.00     0.00   0.00    0.00     0.00    0.00      0.00     0.00   0.00    0.00     0.00    0.00    0.00    0.00   0.00
nvme0n3          0.00      0.00     0.00   0.00    0.00     0.00 3937.00  24252.00  2126.00  35.07    0.11     6.16    0.00      0.00     0.00   0.00    0.00     0.00 3906.60    0.02    0.51 100.00
nvme0n4          0.00      0.00     0.00   0.00    0.00     0.00    0.00      0.00     0.00   0.00    0.00     0.00    0.00      0.00     0.00   0.00    0.00     0.00    0.00    0.00    0.00   0.00
sda              0.00      0.00     0.00   0.00    0.00     0.00    8.20     38.40     0.80   8.89   15.71     4.68    0.00      0.00     0.00   0.00    0.00     0.00    0.40    0.00    0.13   0.54


avg-cpu:  %user   %nice %system %iowait  %steal   %idle
           0.01    0.00    6.16    1.61    0.00   92.22

Device            r/s     rkB/s   rrqm/s  %rrqm r_await rareq-sz     w/s     wkB/s   wrqm/s  %wrqm w_await wareq-sz     d/s     dkB/s   drqm/s  %drqm d_await dareq-sz     f/s f_await  aqu-sz  %util
nvme0n1          0.00      0.00     0.00   0.00    0.00     0.00 12650.60  51846.40    23.80   0.19    0.06     4.10    0.00      0.00     0.00   0.00    0.00     0.00 5911.80    0.03    0.99 100.00
nvme0n2          0.00      0.00     0.00   0.00    0.00     0.00    0.00      0.00     0.00   0.00    0.00     0.00    0.00      0.00     0.00   0.00    0.00     0.00    0.00    0.00    0.00   0.00
nvme0n3          0.00      0.00     0.00   0.00    0.00     0.00 3752.60  23199.20  2047.20  35.30    0.12     6.18    0.00      0.00     0.00   0.00    0.00     0.00 3723.40    0.02    0.52 100.00
nvme0n4          0.00      0.00     0.00   0.00    0.00     0.00    0.00      0.00     0.00   0.00    0.00     0.00    0.00      0.00     0.00   0.00    0.00     0.00    0.00    0.00    0.00   0.00
sda              0.00      0.00     0.00   0.00    0.00     0.00    2.00     12.80     0.80  28.57    4.00     6.40    0.00      0.00     0.00   0.00    0.00     0.00    0.40    0.00    0.01   0.72


avg-cpu:  %user   %nice %system %iowait  %steal   %idle
           0.00    0.00    6.13    1.65    0.00   92.22

Device            r/s     rkB/s   rrqm/s  %rrqm r_await rareq-sz     w/s     wkB/s   wrqm/s  %wrqm w_await wareq-sz     d/s     dkB/s   drqm/s  %drqm d_await dareq-sz     f/s f_await  aqu-sz  %util
nvme0n1          0.00      0.00     0.00   0.00    0.00     0.00 12581.60  51481.60    26.80   0.21    0.07     4.09    0.00      0.00     0.00   0.00    0.00     0.00 5888.80    0.03    1.00 100.00
nvme0n2          0.00      0.00     0.00   0.00    0.00     0.00    0.00      0.00     0.00   0.00    0.00     0.00    0.00      0.00     0.00   0.00    0.00     0.00    0.00    0.00    0.00   0.00
nvme0n3          0.00      0.00     0.00   0.00    0.00     0.00 3735.60  22972.80  2007.60  34.96    0.12     6.15    0.00      0.00     0.00   0.00    0.00     0.00 3706.80    0.02    0.52 100.00
nvme0n4          0.00      0.00     0.00   0.00    0.00     0.00    0.00      0.00     0.00   0.00    0.00     0.00    0.00      0.00     0.00   0.00    0.00     0.00    0.00    0.00    0.00   0.00
sda              0.00      0.00     0.00   0.00    0.00     0.00    0.40      4.00     0.20  33.33    1.00    10.00    0.00      0.00     0.00   0.00    0.00     0.00    0.40    0.00    0.00   0.14


avg-cpu:  %user   %nice %system %iowait  %steal   %idle
           0.00    0.00    6.28    1.63    0.00   92.09

Device            r/s     rkB/s   rrqm/s  %rrqm r_await rareq-sz     w/s     wkB/s   wrqm/s  %wrqm w_await wareq-sz     d/s     dkB/s   drqm/s  %drqm d_await dareq-sz     f/s f_await  aqu-sz  %util
nvme0n1          0.00      0.00     0.00   0.00    0.00     0.00 12689.40  51593.60    31.80   0.25    0.06     4.07    0.00      0.00     0.00   0.00    0.00     0.00 5938.80    0.03    1.00 100.00
nvme0n2          0.00      0.00     0.00   0.00    0.00     0.00    0.00      0.00     0.00   0.00    0.00     0.00    0.00      0.00     0.00   0.00    0.00     0.00    0.00    0.00    0.00   0.00
nvme0n3          0.00      0.00     0.00   0.00    0.00     0.00 3771.80  23185.60  2024.60  34.93    0.12     6.15    0.00      0.00     0.00   0.00    0.00     0.00 3742.60    0.02    0.52 100.00
nvme0n4          0.00      0.00     0.00   0.00    0.00     0.00    0.00      0.00     0.00   0.00    0.00     0.00    0.00      0.00     0.00   0.00    0.00     0.00    0.00    0.00    0.00   0.00
sda              0.00      0.00     0.00   0.00    0.00     0.00    1.60      8.00     0.60  27.27   15.00     5.00    0.00      0.00     0.00   0.00    0.00     0.00    1.20    0.00    0.02   1.86


avg-cpu:  %user   %nice %system %iowait  %steal   %idle
           0.01    0.00    6.09    1.65    0.00   92.25

Device            r/s     rkB/s   rrqm/s  %rrqm r_await rareq-sz     w/s     wkB/s   wrqm/s  %wrqm w_await wareq-sz     d/s     dkB/s   drqm/s  %drqm d_await dareq-sz     f/s f_await  aqu-sz  %util
nvme0n1          0.00      0.00     0.00   0.00    0.00     0.00 13023.20  52860.80    29.20   0.22    0.06     4.06    0.00      0.00     0.00   0.00    0.00     0.00 6131.60    0.03    0.95 100.00
nvme0n2          0.00      0.00     0.00   0.00    0.00     0.00    0.00      0.00     0.00   0.00    0.00     0.00    0.00      0.00     0.00   0.00    0.00     0.00    0.00    0.00    0.00   0.00
nvme0n3          0.00      0.00     0.00   0.00    0.00     0.00 3912.00  24104.00  2114.00  35.08    0.11     6.16    0.00      0.00     0.00   0.00    0.00     0.00 3881.40    0.02    0.51 100.00
nvme0n4          0.00      0.00     0.00   0.00    0.00     0.00    0.00      0.00     0.00   0.00    0.00     0.00    0.00      0.00     0.00   0.00    0.00     0.00    0.00    0.00    0.00   0.00
sda              1.20     28.80     0.00   0.00    9.83    24.00    0.60      4.80     0.60  50.00    0.67     8.00    0.00      0.00     0.00   0.00    0.00     0.00    0.40    0.50    0.01   1.28


avg-cpu:  %user   %nice %system %iowait  %steal   %idle
           0.01    0.00    6.33    1.51    0.00   92.15

Device            r/s     rkB/s   rrqm/s  %rrqm r_await rareq-sz     w/s     wkB/s   wrqm/s  %wrqm w_await wareq-sz     d/s     dkB/s   drqm/s  %drqm d_await dareq-sz     f/s f_await  aqu-sz  %util
nvme0n1          0.00      0.00     0.00   0.00    0.00     0.00 13045.20  53025.60    25.00   0.19    0.06     4.06    0.00      0.00     0.00   0.00    0.00     0.00 6132.80    0.03    0.96 100.00
nvme0n2          0.00      0.00     0.00   0.00    0.00     0.00    0.00      0.00     0.00   0.00    0.00     0.00    0.00      0.00     0.00   0.00    0.00     0.00    0.00    0.00    0.00   0.00
nvme0n3          0.00      0.00     0.00   0.00    0.00     0.00 3907.20  24137.60  2127.20  35.25    0.11     6.18    0.00      0.00     0.00   0.00    0.00     0.00 3876.80    0.02    0.51 100.00
nvme0n4          0.00      0.00     0.00   0.00    0.00     0.00    0.00      0.00     0.00   0.00    0.00     0.00    0.00      0.00     0.00   0.00    0.00     0.00    0.00    0.00    0.00   0.00
sda              0.00      0.00     0.00   0.00    0.00     0.00   11.00     54.40     2.00  15.38   33.51     4.95    0.00      0.00     0.00   0.00    0.00     0.00    0.40    0.00    0.37   1.12


avg-cpu:  %user   %nice %system %iowait  %steal   %idle
           0.00    0.00    6.31    1.63    0.00   92.07

Device            r/s     rkB/s   rrqm/s  %rrqm r_await rareq-sz     w/s     wkB/s   wrqm/s  %wrqm w_await wareq-sz     d/s     dkB/s   drqm/s  %drqm d_await dareq-sz     f/s f_await  aqu-sz  %util
nvme0n1          0.00      0.00     0.00   0.00    0.00     0.00 13119.80  53202.40    28.20   0.21    0.06     4.06    0.00      0.00     0.00   0.00    0.00     0.00 6192.40    0.03    0.96 100.00
nvme0n2          0.00      0.00     0.00   0.00    0.00     0.00    0.00      0.00     0.00   0.00    0.00     0.00    0.00      0.00     0.00   0.00    0.00     0.00    0.00    0.00    0.00   0.00
nvme0n3          0.00      0.00     0.00   0.00    0.00     0.00 3950.60  24316.00  2128.40  35.01    0.11     6.16    0.00      0.00     0.00   0.00    0.00     0.00 3920.20    0.02    0.52 100.00
nvme0n4          0.00      0.00     0.00   0.00    0.00     0.00    0.00      0.00     0.00   0.00    0.00     0.00    0.00      0.00     0.00   0.00    0.00     0.00    0.00    0.00    0.00   0.00
sda              0.00      0.00     0.00   0.00    0.00     0.00    6.80     33.60     1.20  15.00    1.94     4.94    0.00      0.00     0.00   0.00    0.00     0.00    0.40    0.00    0.01   0.20


avg-cpu:  %user   %nice %system %iowait  %steal   %idle
           0.01    0.00    6.29    1.58    0.00   92.13

Device            r/s     rkB/s   rrqm/s  %rrqm r_await rareq-sz     w/s     wkB/s   wrqm/s  %wrqm w_await wareq-sz     d/s     dkB/s   drqm/s  %drqm d_await dareq-sz     f/s f_await  aqu-sz  %util
nvme0n1          0.00      0.00     0.00   0.00    0.00     0.00 13097.80  52921.60    21.20   0.16    0.06     4.04    0.00      0.00     0.00   0.00    0.00     0.00 6170.80    0.03    0.96 100.00
nvme0n2          0.00      0.00     0.00   0.00    0.00     0.00    0.00      0.00     0.00   0.00    0.00     0.00    0.00      0.00     0.00   0.00    0.00     0.00    0.00    0.00    0.00   0.00
nvme0n3          0.00      0.00     0.00   0.00    0.00     0.00 3940.40  24315.20  2138.40  35.18    0.11     6.17    0.00      0.00     0.00   0.00    0.00     0.00 3909.60    0.02    0.51 100.00
nvme0n4          0.00      0.00     0.00   0.00    0.00     0.00    0.00      0.00     0.00   0.00    0.00     0.00    0.00      0.00     0.00   0.00    0.00     0.00    0.00    0.00    0.00   0.00
sda              0.00      0.00     0.00   0.00    0.00     0.00    0.00      0.00     0.20 100.00    0.00     0.00    0.00      0.00     0.00   0.00    0.00     0.00    0.00    0.00    0.00   0.08


avg-cpu:  %user   %nice %system %iowait  %steal   %idle
           0.00    0.00    6.06    1.59    0.00   92.35

Device            r/s     rkB/s   rrqm/s  %rrqm r_await rareq-sz     w/s     wkB/s   wrqm/s  %wrqm w_await wareq-sz     d/s     dkB/s   drqm/s  %drqm d_await dareq-sz     f/s f_await  aqu-sz  %util
nvme0n1          0.00      0.00     0.00   0.00    0.00     0.00 13047.80  53255.20    23.60   0.18    0.06     4.08    0.00      0.00     0.00   0.00    0.00     0.00 6123.40    0.03    0.96 100.00
nvme0n2          0.00      0.00     0.00   0.00    0.00     0.00    0.00      0.00     0.00   0.00    0.00     0.00    0.00      0.00     0.00   0.00    0.00     0.00    0.00    0.00    0.00   0.00
nvme0n3          0.00      0.00     0.00   0.00    0.00     0.00 3895.60  23935.20  2088.20  34.90    0.11     6.14    0.00      0.00     0.00   0.00    0.00     0.00 3865.60    0.02    0.51 100.00
nvme0n4          0.00      0.00     0.00   0.00    0.00     0.00    0.00      0.00     0.00   0.00    0.00     0.00    0.00      0.00     0.00   0.00    0.00     0.00    0.00    0.00    0.00   0.00
sda              0.00      0.00     0.00   0.00    0.00     0.00    2.20     12.80     1.60  42.11    1.18     5.82    0.00      0.00     0.00   0.00    0.00     0.00    0.40    0.00    0.00   0.12


avg-cpu:  %user   %nice %system %iowait  %steal   %idle
           0.02    0.00    6.13    1.59    0.00   92.26

Device            r/s     rkB/s   rrqm/s  %rrqm r_await rareq-sz     w/s     wkB/s   wrqm/s  %wrqm w_await wareq-sz     d/s     dkB/s   drqm/s  %drqm d_await dareq-sz     f/s f_await  aqu-sz  %util
nvme0n1          0.00      0.00     0.00   0.00    0.00     0.00 13099.20  53096.00    28.20   0.21    0.06     4.05    0.00      0.00     0.00   0.00    0.00     0.00 6180.40    0.03    0.97 100.00
nvme0n2          0.00      0.00     0.00   0.00    0.00     0.00    0.00      0.00     0.00   0.00    0.00     0.00    0.00      0.00     0.00   0.00    0.00     0.00    0.00    0.00    0.00   0.00
nvme0n3          0.00      0.00     0.00   0.00    0.00     0.00 3937.80  24240.80  2122.40  35.02    0.11     6.16    0.00      0.00     0.00   0.00    0.00     0.00 3907.40    0.02    0.52 100.00
nvme0n4          0.00      0.00     0.00   0.00    0.00     0.00    0.00      0.00     0.00   0.00    0.00     0.00    0.00      0.00     0.00   0.00    0.00     0.00    0.00    0.00    0.00   0.00
sda              0.00      0.00     0.00   0.00    0.00     0.00    0.40      5.60     0.80  66.67    1.00    14.00    0.00      0.00     0.00   0.00    0.00     0.00    0.40    0.00    0.00   0.14


avg-cpu:  %user   %nice %system %iowait  %steal   %idle
           0.00    0.00    6.11    1.56    0.00   92.33

Device            r/s     rkB/s   rrqm/s  %rrqm r_await rareq-sz     w/s     wkB/s   wrqm/s  %wrqm w_await wareq-sz     d/s     dkB/s   drqm/s  %drqm d_await dareq-sz     f/s f_await  aqu-sz  %util
nvme0n1          0.00      0.00     0.00   0.00    0.00     0.00 13001.20  52805.60    26.40   0.20    0.06     4.06    0.00      0.00     0.00   0.00    0.00     0.00 6134.40    0.03    0.95 100.00
nvme0n2          0.00      0.00     0.00   0.00    0.00     0.00    0.00      0.00     0.00   0.00    0.00     0.00    0.00      0.00     0.00   0.00    0.00     0.00    0.00    0.00    0.00   0.00
nvme0n3          0.00      0.00     0.00   0.00    0.00     0.00 3908.20  24153.60  2130.20  35.28    0.11     6.18    0.00      0.00     0.00   0.00    0.00     0.00 3877.80    0.02    0.51 100.00
nvme0n4          0.00      0.00     0.00   0.00    0.00     0.00    0.00      0.00     0.00   0.00    0.00     0.00    0.00      0.00     0.00   0.00    0.00     0.00    0.00    0.00    0.00   0.00
sda              0.00      0.00     0.00   0.00    0.00     0.00    9.60     44.80     0.80   7.69   26.88     4.67    0.00      0.00     0.00   0.00    0.00     0.00    0.40    0.00    0.26   1.20


avg-cpu:  %user   %nice %system %iowait  %steal   %idle
           0.00    0.00    6.18    1.60    0.00   92.22

Device            r/s     rkB/s   rrqm/s  %rrqm r_await rareq-sz     w/s     wkB/s   wrqm/s  %wrqm w_await wareq-sz     d/s     dkB/s   drqm/s  %drqm d_await dareq-sz     f/s f_await  aqu-sz  %util
nvme0n1          0.00      0.00     0.00   0.00    0.00     0.00 13154.00  53448.00    20.40   0.15    0.06     4.06    0.00      0.00     0.00   0.00    0.00     0.00 6207.00    0.03    0.95 100.00
nvme0n2          0.00      0.00     0.00   0.00    0.00     0.00    0.00      0.00     0.00   0.00    0.00     0.00    0.00      0.00     0.00   0.00    0.00     0.00    0.00    0.00    0.00   0.00
nvme0n3          0.00      0.00     0.00   0.00    0.00     0.00 3963.80  24384.80  2132.40  34.98    0.11     6.15    0.00      0.00     0.00   0.00    0.00     0.00 3932.80    0.02    0.51 100.00
nvme0n4          0.00      0.00     0.00   0.00    0.00     0.00    0.00      0.00     0.00   0.00    0.00     0.00    0.00      0.00     0.00   0.00    0.00     0.00    0.00    0.00    0.00   0.00
sda              0.00      0.00     0.00   0.00    0.00     0.00    0.40      4.00     0.20  33.33    1.00    10.00    0.00      0.00     0.00   0.00    0.00     0.00    0.40    0.00    0.00   0.06


avg-cpu:  %user   %nice %system %iowait  %steal   %idle
           0.00    0.00    6.07    1.64    0.00   92.29

Device            r/s     rkB/s   rrqm/s  %rrqm r_await rareq-sz     w/s     wkB/s   wrqm/s  %wrqm w_await wareq-sz     d/s     dkB/s   drqm/s  %drqm d_await dareq-sz     f/s f_await  aqu-sz  %util
nvme0n1          0.00      0.00     0.00   0.00    0.00     0.00 13125.00  53209.60    20.60   0.16    0.06     4.05    0.00      0.00     0.00   0.00    0.00     0.00 6181.80    0.03    0.96 100.00
nvme0n2          0.00      0.00     0.00   0.00    0.00     0.00    0.00      0.00     0.00   0.00    0.00     0.00    0.00      0.00     0.00   0.00    0.00     0.00    0.00    0.00    0.00   0.00
nvme0n3          0.00      0.00     0.00   0.00    0.00     0.00 3946.60  24239.20  2113.20  34.87    0.11     6.14    0.00      0.00     0.00   0.00    0.00     0.00 3916.20    0.02    0.51 100.00
nvme0n4          0.00      0.00     0.00   0.00    0.00     0.00    0.00      0.00     0.00   0.00    0.00     0.00    0.00      0.00     0.00   0.00    0.00     0.00    0.00    0.00    0.00   0.00
sda              0.00      0.00     0.00   0.00    0.00     0.00    0.80      4.00     0.20  20.00    1.25     5.00    0.00      0.00     0.00   0.00    0.00     0.00    0.40    0.00    0.00   0.14


avg-cpu:  %user   %nice %system %iowait  %steal   %idle
           0.01    0.00    5.96    1.65    0.00   92.38

Device            r/s     rkB/s   rrqm/s  %rrqm r_await rareq-sz     w/s     wkB/s   wrqm/s  %wrqm w_await wareq-sz     d/s     dkB/s   drqm/s  %drqm d_await dareq-sz     f/s f_await  aqu-sz  %util
nvme0n1          0.00      0.00     0.00   0.00    0.00     0.00 13068.80  52998.40    24.60   0.19    0.06     4.06    0.00      0.00     0.00   0.00    0.00     0.00 6177.80    0.03    0.96 100.00
nvme0n2          0.00      0.00     0.00   0.00    0.00     0.00    0.00      0.00     0.00   0.00    0.00     0.00    0.00      0.00     0.00   0.00    0.00     0.00    0.00    0.00    0.00   0.00
nvme0n3          0.00      0.00     0.00   0.00    0.00     0.00 3943.00  24343.20  2142.80  35.21    0.11     6.17    0.00      0.00     0.00   0.00    0.00     0.00 3912.20    0.02    0.52 100.00
nvme0n4          0.00      0.00     0.00   0.00    0.00     0.00    0.00      0.00     0.00   0.00    0.00     0.00    0.00      0.00     0.00   0.00    0.00     0.00    0.00    0.00    0.00   0.00
sda              0.00      0.00     0.00   0.00    0.00     0.00    0.40      2.40     0.20  33.33   26.00     6.00    0.00      0.00     0.00   0.00    0.00     0.00    0.40    0.00    0.01   1.06


avg-cpu:  %user   %nice %system %iowait  %steal   %idle
           0.01    0.00    6.10    1.66    0.00   92.23

Device            r/s     rkB/s   rrqm/s  %rrqm r_await rareq-sz     w/s     wkB/s   wrqm/s  %wrqm w_await wareq-sz     d/s     dkB/s   drqm/s  %drqm d_await dareq-sz     f/s f_await  aqu-sz  %util
nvme0n1          0.00      0.00     0.00   0.00    0.00     0.00 13035.80  52723.20    16.60   0.13    0.06     4.04    0.00      0.00     0.00   0.00    0.00     0.00 6142.00    0.03    0.95 100.00
nvme0n2          0.00      0.00     0.00   0.00    0.00     0.00    0.00      0.00     0.00   0.00    0.00     0.00    0.00      0.00     0.00   0.00    0.00     0.00    0.00    0.00    0.00   0.00
nvme0n3          0.00      0.00     0.00   0.00    0.00     0.00 3920.20  24118.40  2109.40  34.98    0.11     6.15    0.00      0.00     0.00   0.00    0.00     0.00 3889.80    0.02    0.51 100.00
nvme0n4          0.00      0.00     0.00   0.00    0.00     0.00    0.00      0.00     0.00   0.00    0.00     0.00    0.00      0.00     0.00   0.00    0.00     0.00    0.00    0.00    0.00   0.00
sda              0.00      0.00     0.00   0.00    0.00     0.00    0.40      2.40     0.80  66.67   12.00     6.00    0.00      0.00     0.00   0.00    0.00     0.00    0.40    0.00    0.00   0.54


avg-cpu:  %user   %nice %system %iowait  %steal   %idle
           0.00    0.00    6.24    1.53    0.00   92.22

Device            r/s     rkB/s   rrqm/s  %rrqm r_await rareq-sz     w/s     wkB/s   wrqm/s  %wrqm w_await wareq-sz     d/s     dkB/s   drqm/s  %drqm d_await dareq-sz     f/s f_await  aqu-sz  %util
nvme0n1          0.00      0.00     0.00   0.00    0.00     0.00 13170.60  53324.80    29.00   0.22    0.06     4.05    0.00      0.00     0.00   0.00    0.00     0.00 6215.00    0.03    0.97 100.00
nvme0n2          0.00      0.00     0.00   0.00    0.00     0.00    0.00      0.00     0.00   0.00    0.00     0.00    0.00      0.00     0.00   0.00    0.00     0.00    0.00    0.00    0.00   0.00
nvme0n3          0.00      0.00     0.00   0.00    0.00     0.00 3960.80  24435.20  2148.00  35.16    0.11     6.17    0.00      0.00     0.00   0.00    0.00     0.00 3930.00    0.02    0.51 100.00
nvme0n4          0.00      0.00     0.00   0.00    0.00     0.00    0.00      0.00     0.00   0.00    0.00     0.00    0.00      0.00     0.00   0.00    0.00     0.00    0.00    0.00    0.00   0.00
sda              0.20      0.80     0.00   0.00   13.00     4.00   10.00     46.40     1.00   9.09   11.58     4.64    0.00      0.00     0.00   0.00    0.00     0.00    0.40    0.50    0.12   1.06


avg-cpu:  %user   %nice %system %iowait  %steal   %idle
           0.01    0.00    6.07    1.57    0.00   92.35

Device            r/s     rkB/s   rrqm/s  %rrqm r_await rareq-sz     w/s     wkB/s   wrqm/s  %wrqm w_await wareq-sz     d/s     dkB/s   drqm/s  %drqm d_await dareq-sz     f/s f_await  aqu-sz  %util
nvme0n1          0.00      0.00     0.00   0.00    0.00     0.00 13084.40  53208.00    25.80   0.20    0.06     4.07    0.00      0.00     0.00   0.00    0.00     0.00 6167.60    0.03    0.95 100.00
nvme0n2          0.00      0.00     0.00   0.00    0.00     0.00    0.00      0.00     0.00   0.00    0.00     0.00    0.00      0.00     0.00   0.00    0.00     0.00    0.00    0.00    0.00   0.00
nvme0n3          0.00      0.00     0.00   0.00    0.00     0.00 3935.40  24246.40  2126.20  35.08    0.11     6.16    0.00      0.00     0.00   0.00    0.00     0.00 3904.80    0.02    0.51 100.00
nvme0n4          0.00      0.00     0.00   0.00    0.00     0.00    0.00      0.00     0.00   0.00    0.00     0.00    0.00      0.00     0.00   0.00    0.00     0.00    0.00    0.00    0.00   0.00
sda              0.00      0.00     0.00   0.00    0.00     0.00    0.40      4.80     0.20  33.33    0.50    12.00    0.00      0.00     0.00   0.00    0.00     0.00    0.40    0.00    0.00   0.08


avg-cpu:  %user   %nice %system %iowait  %steal   %idle
           0.01    0.00    6.31    1.64    0.00   92.04

Device            r/s     rkB/s   rrqm/s  %rrqm r_await rareq-sz     w/s     wkB/s   wrqm/s  %wrqm w_await wareq-sz     d/s     dkB/s   drqm/s  %drqm d_await dareq-sz     f/s f_await  aqu-sz  %util
nvme0n1          0.00      0.00     0.00   0.00    0.00     0.00 13142.60  53159.20    26.00   0.20    0.06     4.04    0.00      0.00     0.00   0.00    0.00     0.00 6203.40    0.03    0.95 100.00
nvme0n2          0.00      0.00     0.00   0.00    0.00     0.00    0.00      0.00     0.00   0.00    0.00     0.00    0.00      0.00     0.00   0.00    0.00     0.00    0.00    0.00    0.00   0.00
nvme0n3          0.00      0.00     0.00   0.00    0.00     0.00 3950.80  24268.00  2116.20  34.88    0.11     6.14    0.00      0.00     0.00   0.00    0.00     0.00 3920.40    0.02    0.51 100.00
nvme0n4          0.00      0.00     0.00   0.00    0.00     0.00    0.00      0.00     0.00   0.00    0.00     0.00    0.00      0.00     0.00   0.00    0.00     0.00    0.00    0.00    0.00   0.00
sda              0.00      0.00     0.00   0.00    0.00     0.00    0.40      2.40     0.80  66.67    1.00     6.00    0.00      0.00     0.00   0.00    0.00     0.00    0.40    0.00    0.00   0.06


avg-cpu:  %user   %nice %system %iowait  %steal   %idle
           0.01    0.00    6.37    1.60    0.00   92.02

Device            r/s     rkB/s   rrqm/s  %rrqm r_await rareq-sz     w/s     wkB/s   wrqm/s  %wrqm w_await wareq-sz     d/s     dkB/s   drqm/s  %drqm d_await dareq-sz     f/s f_await  aqu-sz  %util
nvme0n1          0.00      0.00     0.00   0.00    0.00     0.00 13041.80  53224.80    25.80   0.20    0.06     4.08    0.00      0.00     0.00   0.00    0.00     0.00 6137.60    0.03    0.96 100.00
nvme0n2          0.00      0.00     0.00   0.00    0.00     0.00    0.00      0.00     0.00   0.00    0.00     0.00    0.00      0.00     0.00   0.00    0.00     0.00    0.00    0.00    0.00   0.00
nvme0n3          0.00      0.00     0.00   0.00    0.00     0.00 3907.20  24107.20  2119.60  35.17    0.11     6.17    0.00      0.00     0.00   0.00    0.00     0.00 3877.00    0.02    0.51 100.00
nvme0n4          0.00      0.00     0.00   0.00    0.00     0.00    0.00      0.00     0.00   0.00    0.00     0.00    0.00      0.00     0.00   0.00    0.00     0.00    0.00    0.00    0.00   0.00
sda              0.00      0.00     0.00   0.00    0.00     0.00    7.80     36.80     0.80   9.30   16.18     4.72    0.00      0.00     0.00   0.00    0.00     0.00    0.40    0.00    0.13   0.86


avg-cpu:  %user   %nice %system %iowait  %steal   %idle
           0.01    0.00    6.10    1.59    0.00   92.31

Device            r/s     rkB/s   rrqm/s  %rrqm r_await rareq-sz     w/s     wkB/s   wrqm/s  %wrqm w_await wareq-sz     d/s     dkB/s   drqm/s  %drqm d_await dareq-sz     f/s f_await  aqu-sz  %util
nvme0n1          0.00      0.00     0.00   0.00    0.00     0.00 13127.40  53114.40    31.00   0.24    0.06     4.05    0.00      0.00     0.00   0.00    0.00     0.00 6189.60    0.03    0.96 100.00
nvme0n2          0.00      0.00     0.00   0.00    0.00     0.00    0.00      0.00     0.00   0.00    0.00     0.00    0.00      0.00     0.00   0.00    0.00     0.00    0.00    0.00    0.00   0.00
nvme0n3          0.00      0.00     0.00   0.00    0.00     0.00 3942.40  24270.40  2125.20  35.03    0.11     6.16    0.00      0.00     0.00   0.00    0.00     0.00 3911.80    0.02    0.51 100.00
nvme0n4          0.00      0.00     0.00   0.00    0.00     0.00    0.00      0.00     0.00   0.00    0.00     0.00    0.00      0.00     0.00   0.00    0.00     0.00    0.00    0.00    0.00   0.00
sda              0.00      0.00     0.00   0.00    0.00     0.00    0.40      4.00     0.20  33.33   18.50    10.00    0.00      0.00     0.00   0.00    0.00     0.00    0.40    0.00    0.01   0.80


avg-cpu:  %user   %nice %system %iowait  %steal   %idle
           0.01    0.00    6.24    1.65    0.00   92.11

Device            r/s     rkB/s   rrqm/s  %rrqm r_await rareq-sz     w/s     wkB/s   wrqm/s  %wrqm w_await wareq-sz     d/s     dkB/s   drqm/s  %drqm d_await dareq-sz     f/s f_await  aqu-sz  %util
nvme0n1          0.00      0.00     0.00   0.00    0.00     0.00 13033.00  52692.80    24.60   0.19    0.06     4.04    0.00      0.00     0.00   0.00    0.00     0.00 6164.60    0.03    0.94  99.86
nvme0n2          0.00      0.00     0.00   0.00    0.00     0.00    0.00      0.00     0.00   0.00    0.00     0.00    0.00      0.00     0.00   0.00    0.00     0.00    0.00    0.00    0.00   0.00
nvme0n3          0.00      0.00     0.00   0.00    0.00     0.00 3937.60  24302.40  2138.00  35.19    0.11     6.17    0.00      0.00     0.00   0.00    0.00     0.00 3906.80    0.02    0.51 100.00
nvme0n4          0.00      0.00     0.00   0.00    0.00     0.00    0.00      0.00     0.00   0.00    0.00     0.00    0.00      0.00     0.00   0.00    0.00     0.00    0.00    0.00    0.00   0.00
sda              0.00      0.00     0.00   0.00    0.00     0.00    0.60      3.20     0.20  25.00    1.00     5.33    0.00      0.00     0.00   0.00    0.00     0.00    0.40    0.00    0.00   0.20


avg-cpu:  %user   %nice %system %iowait  %steal   %idle
           0.00    0.00    6.07    1.54    0.00   92.39

Device            r/s     rkB/s   rrqm/s  %rrqm r_await rareq-sz     w/s     wkB/s   wrqm/s  %wrqm w_await wareq-sz     d/s     dkB/s   drqm/s  %drqm d_await dareq-sz     f/s f_await  aqu-sz  %util
nvme0n1          0.00      0.00     0.00   0.00    0.00     0.00 13121.40  53063.20    26.40   0.20    0.06     4.04    0.00      0.00     0.00   0.00    0.00     0.00 6203.60    0.03    0.96 100.00
nvme0n2          0.00      0.00     0.00   0.00    0.00     0.00    0.00      0.00     0.00   0.00    0.00     0.00    0.00      0.00     0.00   0.00    0.00     0.00    0.00    0.00    0.00   0.00
nvme0n3          0.00      0.00     0.00   0.00    0.00     0.00 3963.80  24436.00  2145.20  35.12    0.11     6.16    0.00      0.00     0.00   0.00    0.00     0.00 3933.20    0.02    0.51 100.00
nvme0n4          0.00      0.00     0.00   0.00    0.00     0.00    0.00      0.00     0.00   0.00    0.00     0.00    0.00      0.00     0.00   0.00    0.00     0.00    0.00    0.00    0.00   0.00
sda              0.00      0.00     0.00   0.00    0.00     0.00    0.40      2.40     0.20  33.33    1.00     6.00    0.00      0.00     0.00   0.00    0.00     0.00    0.40    0.00    0.00   0.14


avg-cpu:  %user   %nice %system %iowait  %steal   %idle
           0.01    0.00    6.08    1.56    0.00   92.35

Device            r/s     rkB/s   rrqm/s  %rrqm r_await rareq-sz     w/s     wkB/s   wrqm/s  %wrqm w_await wareq-sz     d/s     dkB/s   drqm/s  %drqm d_await dareq-sz     f/s f_await  aqu-sz  %util
nvme0n1          0.00      0.00     0.00   0.00    0.00     0.00 13138.60  53290.40    24.40   0.19    0.06     4.06    0.00      0.00     0.00   0.00    0.00     0.00 6203.60    0.03    0.96 100.00
nvme0n2          0.00      0.00     0.00   0.00    0.00     0.00    0.00      0.00     0.00   0.00    0.00     0.00    0.00      0.00     0.00   0.00    0.00     0.00    0.00    0.00    0.00   0.00
nvme0n3          0.00      0.00     0.00   0.00    0.00     0.00 3962.60  24228.80  2094.60  34.58    0.11     6.11    0.00      0.00     0.00   0.00    0.00     0.00 3932.00    0.02    0.51 100.00
nvme0n4          0.00      0.00     0.00   0.00    0.00     0.00    0.00      0.00     0.00   0.00    0.00     0.00    0.00      0.00     0.00   0.00    0.00     0.00    0.00    0.00    0.00   0.00
sda              0.00      0.00     0.00   0.00    0.00     0.00    2.00     10.40     1.00  33.33   23.30     5.20    0.00      0.00     0.00   0.00    0.00     0.00    0.40    0.00    0.05   2.06


avg-cpu:  %user   %nice %system %iowait  %steal   %idle
           0.00    0.00    6.08    1.62    0.00   92.30

Device            r/s     rkB/s   rrqm/s  %rrqm r_await rareq-sz     w/s     wkB/s   wrqm/s  %wrqm w_await wareq-sz     d/s     dkB/s   drqm/s  %drqm d_await dareq-sz     f/s f_await  aqu-sz  %util
nvme0n1          0.00      0.00     0.00   0.00    0.00     0.00 12957.80  52324.80    28.20   0.22    0.06     4.04    0.00      0.00     0.00   0.00    0.00     0.00 6144.80    0.03    0.94 100.00
nvme0n2          0.00      0.00     0.00   0.00    0.00     0.00    0.00      0.00     0.00   0.00    0.00     0.00    0.00      0.00     0.00   0.00    0.00     0.00    0.00    0.00    0.00   0.00
nvme0n3          0.00      0.00     0.00   0.00    0.00     0.00 3932.80  24290.40  2139.80  35.24    0.11     6.18    0.00      0.00     0.00   0.00    0.00     0.00 3901.80    0.02    0.51 100.00
nvme0n4          0.00      0.00     0.00   0.00    0.00     0.00    0.00      0.00     0.00   0.00    0.00     0.00    0.00      0.00     0.00   0.00    0.00     0.00    0.00    0.00    0.00   0.00
sda              0.00      0.00     0.00   0.00    0.00     0.00    0.40      4.80     0.20  33.33    1.50    12.00    0.00      0.00     0.00   0.00    0.00     0.00    0.40    0.00    0.00   0.14


avg-cpu:  %user   %nice %system %iowait  %steal   %idle
           0.01    0.00    6.03    1.52    0.00   92.45

Device            r/s     rkB/s   rrqm/s  %rrqm r_await rareq-sz     w/s     wkB/s   wrqm/s  %wrqm w_await wareq-sz     d/s     dkB/s   drqm/s  %drqm d_await dareq-sz     f/s f_await  aqu-sz  %util
nvme0n1          0.00      0.00     0.00   0.00    0.00     0.00 12867.00  51888.00    24.00   0.19    0.06     4.03    0.00      0.00     0.00   0.00    0.00     0.00 6092.20    0.03    0.93 100.00
nvme0n2          0.00      0.00     0.00   0.00    0.00     0.00    0.00      0.00     0.00   0.00    0.00     0.00    0.00      0.00     0.00   0.00    0.00     0.00    0.00    0.00    0.00   0.00
nvme0n3          0.00      0.00     0.00   0.00    0.00     0.00 3898.80  23896.00  2075.20  34.74    0.11     6.13    0.00      0.00     0.00   0.00    0.00     0.00 3868.80    0.02    0.51 100.00
nvme0n4          0.00      0.00     0.00   0.00    0.00     0.00    0.00      0.00     0.00   0.00    0.00     0.00    0.00      0.00     0.00   0.00    0.00     0.00    0.00    0.00    0.00   0.00
sda              0.00      0.00     0.00   0.00    0.00     0.00    0.40      2.40     0.20  33.33    1.00     6.00    0.00      0.00     0.00   0.00    0.00     0.00    0.40    0.00    0.00   0.14

