Linux 5.19.0-rc5-xfstests-perf-00986-g953948f2acf6-dirty (harshads-do-not-delete-3) 	12/19/23 	_x86_64_	(32 CPU)


avg-cpu:  %user   %nice %system %iowait  %steal   %idle
           1.35    0.00   22.16    7.47    0.00   69.03

Device            r/s     rkB/s   rrqm/s  %rrqm r_await rareq-sz     w/s     wkB/s   wrqm/s  %wrqm w_await wareq-sz     d/s     dkB/s   drqm/s  %drqm d_await dareq-sz     f/s f_await  aqu-sz  %util
nvme0n1         38.00    152.00     0.00   0.00    8.77     4.00 27824.00 208782.40    33.40   0.12    0.13     7.50    0.00      0.00     0.00   0.00    0.00     0.00  781.80    0.03    3.95  74.46
nvme0n2          0.00      0.00     0.00   0.00    0.00     0.00    0.00      0.00     0.00   0.00    0.00     0.00    0.00      0.00     0.00   0.00    0.00     0.00    0.00    0.00    0.00   0.00
nvme0n3          0.00      0.00     0.00   0.00    0.00     0.00 1553.80  12442.40  1556.80  50.05    0.28     8.01    0.00      0.00     0.00   0.00    0.00     0.00  776.20    0.03    0.47  74.34
nvme0n4          0.00      0.00     0.00   0.00    0.00     0.00    0.00      0.00     0.00   0.00    0.00     0.00    0.00      0.00     0.00   0.00    0.00     0.00    0.00    0.00    0.00   0.00
sda             18.20    555.20    52.80  74.37    8.89    30.51   30.40   6381.60     3.20   9.52   23.04   209.92    0.00      0.00     0.00   0.00    0.00     0.00    1.00    0.00    0.86  10.54


avg-cpu:  %user   %nice %system %iowait  %steal   %idle
           1.57    0.00   28.26   10.21    0.00   59.96

Device            r/s     rkB/s   rrqm/s  %rrqm r_await rareq-sz     w/s     wkB/s   wrqm/s  %wrqm w_await wareq-sz     d/s     dkB/s   drqm/s  %drqm d_await dareq-sz     f/s f_await  aqu-sz  %util
nvme0n1          0.00      0.00     0.00   0.00    0.00     0.00 37391.00 278724.00    61.00   0.16    0.13     7.45    0.00      0.00     0.00   0.00    0.00     0.00 1052.20    0.03    4.84 100.00
nvme0n2          0.00      0.00     0.00   0.00    0.00     0.00    0.00      0.00     0.00   0.00    0.00     0.00    0.00      0.00     0.00   0.00    0.00     0.00    0.00    0.00    0.00   0.00
nvme0n3          0.00      0.00     0.00   0.00    0.00     0.00 2102.20  18329.60  2480.40  54.13    0.29     8.72    0.00      0.00     0.00   0.00    0.00     0.00 1047.20    0.03    0.64 100.00
nvme0n4          0.00      0.00     0.00   0.00    0.00     0.00    0.00      0.00     0.00   0.00    0.00     0.00    0.00      0.00     0.00   0.00    0.00     0.00    0.00    0.00    0.00   0.00
sda              0.00      0.00     0.00   0.00    0.00     0.00   11.40   2265.60     1.40  10.94  132.98   198.74    0.00      0.00     0.00   0.00    0.00     0.00    0.40    0.00    1.52   2.06


avg-cpu:  %user   %nice %system %iowait  %steal   %idle
           1.50    0.00   30.25    9.97    0.00   58.28

Device            r/s     rkB/s   rrqm/s  %rrqm r_await rareq-sz     w/s     wkB/s   wrqm/s  %wrqm w_await wareq-sz     d/s     dkB/s   drqm/s  %drqm d_await dareq-sz     f/s f_await  aqu-sz  %util
nvme0n1          0.00      0.00     0.00   0.00    0.00     0.00 37774.00 281264.80    58.80   0.16    0.13     7.45    0.00      0.00     0.00   0.00    0.00     0.00 1063.20    0.03    4.86 100.00
nvme0n2          0.00      0.00     0.00   0.00    0.00     0.00    0.00      0.00     0.00   0.00    0.00     0.00    0.00      0.00     0.00   0.00    0.00     0.00    0.00    0.00    0.00   0.00
nvme0n3          0.00      0.00     0.00   0.00    0.00     0.00 2127.60  18526.40  2504.40  54.07    0.28     8.71    0.00      0.00     0.00   0.00    0.00     0.00 1058.00    0.03    0.63 100.00
nvme0n4          0.00      0.00     0.00   0.00    0.00     0.00    0.00      0.00     0.00   0.00    0.00     0.00    0.00      0.00     0.00   0.00    0.00     0.00    0.00    0.00    0.00   0.00
sda              2.00     52.80    11.20  84.85   23.70    26.40    0.00      0.00     0.20 100.00    0.00     0.00    0.00      0.00     0.00   0.00    0.00     0.00    0.00    0.00    0.05   1.74


avg-cpu:  %user   %nice %system %iowait  %steal   %idle
           1.76    0.00   30.05   10.10    0.00   58.10

Device            r/s     rkB/s   rrqm/s  %rrqm r_await rareq-sz     w/s     wkB/s   wrqm/s  %wrqm w_await wareq-sz     d/s     dkB/s   drqm/s  %drqm d_await dareq-sz     f/s f_await  aqu-sz  %util
nvme0n1          0.00      0.00     0.00   0.00    0.00     0.00 37782.60 281212.00    71.20   0.19    0.13     7.44    0.00      0.00     0.00   0.00    0.00     0.00 1059.00    0.03    4.94 100.00
nvme0n2          0.00      0.00     0.00   0.00    0.00     0.00    0.00      0.00     0.00   0.00    0.00     0.00    0.00      0.00     0.00   0.00    0.00     0.00    0.00    0.00    0.00   0.00
nvme0n3          0.00      0.00     0.00   0.00    0.00     0.00 2120.60  18575.20  2522.60  54.33    0.28     8.76    0.00      0.00     0.00   0.00    0.00     0.00 1055.20    0.03    0.63 100.00
nvme0n4          0.00      0.00     0.00   0.00    0.00     0.00    0.00      0.00     0.00   0.00    0.00     0.00    0.00      0.00     0.00   0.00    0.00     0.00    0.00    0.00    0.00   0.00
sda              0.00      0.00     0.00   0.00    0.00     0.00    0.40      2.40     0.20  33.33   32.00     6.00    0.00      0.00     0.00   0.00    0.00     0.00    0.40    0.50    0.01   1.34


avg-cpu:  %user   %nice %system %iowait  %steal   %idle
           1.68    0.00   30.03   10.03    0.00   58.27

Device            r/s     rkB/s   rrqm/s  %rrqm r_await rareq-sz     w/s     wkB/s   wrqm/s  %wrqm w_await wareq-sz     d/s     dkB/s   drqm/s  %drqm d_await dareq-sz     f/s f_await  aqu-sz  %util
nvme0n1          0.00      0.00     0.00   0.00    0.00     0.00 37779.40 281507.20    53.80   0.14    0.13     7.45    0.00      0.00     0.00   0.00    0.00     0.00 1062.40    0.03    4.87 100.00
nvme0n2          0.00      0.00     0.00   0.00    0.00     0.00    0.00      0.00     0.00   0.00    0.00     0.00    0.00      0.00     0.00   0.00    0.00     0.00    0.00    0.00    0.00   0.00
nvme0n3          0.00      0.00     0.00   0.00    0.00     0.00 2119.80  18295.20  2454.00  53.65    0.28     8.63    0.00      0.00     0.00   0.00    0.00     0.00 1055.00    0.03    0.62 100.00
nvme0n4          0.00      0.00     0.00   0.00    0.00     0.00    0.00      0.00     0.00   0.00    0.00     0.00    0.00      0.00     0.00   0.00    0.00     0.00    0.00    0.00    0.00   0.00
sda              0.00      0.00     0.00   0.00    0.00     0.00    0.40      2.40     0.20  33.33   25.00     6.00    0.00      0.00     0.00   0.00    0.00     0.00    0.40    0.00    0.01   1.06


avg-cpu:  %user   %nice %system %iowait  %steal   %idle
           1.78    0.00   31.05   10.23    0.00   56.94

Device            r/s     rkB/s   rrqm/s  %rrqm r_await rareq-sz     w/s     wkB/s   wrqm/s  %wrqm w_await wareq-sz     d/s     dkB/s   drqm/s  %drqm d_await dareq-sz     f/s f_await  aqu-sz  %util
nvme0n1          0.00      0.00     0.00   0.00    0.00     0.00 38511.20 286780.80    63.00   0.16    0.13     7.45    0.00      0.00     0.00   0.00    0.00     0.00 1092.80    0.03    5.00 100.00
nvme0n2          0.00      0.00     0.00   0.00    0.00     0.00    0.00      0.00     0.00   0.00    0.00     0.00    0.00      0.00     0.00   0.00    0.00     0.00    0.00    0.00    0.00   0.00
nvme0n3          0.00      0.00     0.00   0.00    0.00     0.00 2182.20  18850.40  2530.40  53.69    0.26     8.64    0.00      0.00     0.00   0.00    0.00     0.00 1086.40    0.03    0.60 100.00
nvme0n4          0.00      0.00     0.00   0.00    0.00     0.00    0.00      0.00     0.00   0.00    0.00     0.00    0.00      0.00     0.00   0.00    0.00     0.00    0.00    0.00    0.00   0.00
sda              0.00      0.00     0.00   0.00    0.00     0.00    3.00    220.80     0.80  21.05    5.00    73.60    0.00      0.00     0.00   0.00    0.00     0.00    0.40    0.00    0.01   0.60


avg-cpu:  %user   %nice %system %iowait  %steal   %idle
           1.70    0.00   29.66    9.88    0.00   58.76

Device            r/s     rkB/s   rrqm/s  %rrqm r_await rareq-sz     w/s     wkB/s   wrqm/s  %wrqm w_await wareq-sz     d/s     dkB/s   drqm/s  %drqm d_await dareq-sz     f/s f_await  aqu-sz  %util
nvme0n1          0.00      0.00     0.00   0.00    0.00     0.00 37415.20 279284.00    60.80   0.16    0.13     7.46    0.00      0.00     0.00   0.00    0.00     0.00 1049.20    0.03    4.82 100.00
nvme0n2          0.00      0.00     0.00   0.00    0.00     0.00    0.00      0.00     0.00   0.00    0.00     0.00    0.00      0.00     0.00   0.00    0.00     0.00    0.00    0.00    0.00   0.00
nvme0n3          0.00      0.00     0.00   0.00    0.00     0.00 2096.60  18328.00  2485.60  54.24    0.28     8.74    0.00      0.00     0.00   0.00    0.00     0.00 1043.60    0.03    0.63 100.00
nvme0n4          0.00      0.00     0.00   0.00    0.00     0.00    0.00      0.00     0.00   0.00    0.00     0.00    0.00      0.00     0.00   0.00    0.00     0.00    0.00    0.00    0.00   0.00
sda              0.00      0.00     0.00   0.00    0.00     0.00    4.80    193.60     0.80  14.29    6.17    40.33    0.00      0.00     0.00   0.00    0.00     0.00    0.40    0.00    0.03   0.54


avg-cpu:  %user   %nice %system %iowait  %steal   %idle
           1.67    0.00   30.25   10.06    0.00   58.02

Device            r/s     rkB/s   rrqm/s  %rrqm r_await rareq-sz     w/s     wkB/s   wrqm/s  %wrqm w_await wareq-sz     d/s     dkB/s   drqm/s  %drqm d_await dareq-sz     f/s f_await  aqu-sz  %util
nvme0n1          0.00      0.00     0.00   0.00    0.00     0.00 37895.00 282694.40    71.80   0.19    0.13     7.46    0.00      0.00     0.00   0.00    0.00     0.00 1067.00    0.03    4.92 100.00
nvme0n2          0.00      0.00     0.00   0.00    0.00     0.00    0.00      0.00     0.00   0.00    0.00     0.00    0.00      0.00     0.00   0.00    0.00     0.00    0.00    0.00    0.00   0.00
nvme0n3          0.00      0.00     0.00   0.00    0.00     0.00 2135.40  18723.20  2545.20  54.38    0.28     8.77    0.00      0.00     0.00   0.00    0.00     0.00 1062.80    0.03    0.62 100.00
nvme0n4          0.00      0.00     0.00   0.00    0.00     0.00    0.00      0.00     0.00   0.00    0.00     0.00    0.00      0.00     0.00   0.00    0.00     0.00    0.00    0.00    0.00   0.00
sda              0.00      0.00     0.00   0.00    0.00     0.00    2.20    180.00     0.80  26.67    5.73    81.82    0.00      0.00     0.00   0.00    0.00     0.00    0.40    0.00    0.01   0.32


avg-cpu:  %user   %nice %system %iowait  %steal   %idle
           1.71    0.00   30.27   10.19    0.00   57.84

Device            r/s     rkB/s   rrqm/s  %rrqm r_await rareq-sz     w/s     wkB/s   wrqm/s  %wrqm w_await wareq-sz     d/s     dkB/s   drqm/s  %drqm d_await dareq-sz     f/s f_await  aqu-sz  %util
nvme0n1          0.00      0.00     0.00   0.00    0.00     0.00 38276.00 284376.00    54.60   0.14    0.13     7.43    0.00      0.00     0.00   0.00    0.00     0.00 1079.80    0.03    4.88  99.94
nvme0n2          0.00      0.00     0.00   0.00    0.00     0.00    0.00      0.00     0.00   0.00    0.00     0.00    0.00      0.00     0.00   0.00    0.00     0.00    0.00    0.00    0.00   0.00
nvme0n3          0.00      0.00     0.00   0.00    0.00     0.00 2163.00  18747.20  2524.00  53.85    0.26     8.67    0.00      0.00     0.00   0.00    0.00     0.00 1076.80    0.03    0.60 100.00
nvme0n4          0.00      0.00     0.00   0.00    0.00     0.00    0.00      0.00     0.00   0.00    0.00     0.00    0.00      0.00     0.00   0.00    0.00     0.00    0.00    0.00    0.00   0.00
sda              0.00      0.00     0.00   0.00    0.00     0.00    2.00    180.80     0.40  16.67   14.80    90.40    0.00      0.00     0.00   0.00    0.00     0.00    0.40    0.00    0.03   1.20


avg-cpu:  %user   %nice %system %iowait  %steal   %idle
           1.83    0.00   29.60   10.07    0.00   58.50

Device            r/s     rkB/s   rrqm/s  %rrqm r_await rareq-sz     w/s     wkB/s   wrqm/s  %wrqm w_await wareq-sz     d/s     dkB/s   drqm/s  %drqm d_await dareq-sz     f/s f_await  aqu-sz  %util
nvme0n1          0.00      0.00     0.00   0.00    0.00     0.00 37813.40 281694.40    58.20   0.15    0.13     7.45    0.00      0.00     0.00   0.00    0.00     0.00 1066.20    0.03    4.84 100.00
nvme0n2          0.00      0.00     0.00   0.00    0.00     0.00    0.00      0.00     0.00   0.00    0.00     0.00    0.00      0.00     0.00   0.00    0.00     0.00    0.00    0.00    0.00   0.00
nvme0n3          0.00      0.00     0.00   0.00    0.00     0.00 2134.60  18480.80  2485.40  53.80    0.28     8.66    0.00      0.00     0.00   0.00    0.00     0.00 1062.20    0.03    0.62 100.00
nvme0n4          0.00      0.00     0.00   0.00    0.00     0.00    0.00      0.00     0.00   0.00    0.00     0.00    0.00      0.00     0.00   0.00    0.00     0.00    0.00    0.00    0.00   0.00
sda              0.00      0.00     0.00   0.00    0.00     0.00    2.00    179.20     0.40  16.67    7.80    89.60    0.00      0.00     0.00   0.00    0.00     0.00    0.40    0.00    0.02   0.68


avg-cpu:  %user   %nice %system %iowait  %steal   %idle
           1.63    0.00   30.66   10.26    0.00   57.45

Device            r/s     rkB/s   rrqm/s  %rrqm r_await rareq-sz     w/s     wkB/s   wrqm/s  %wrqm w_await wareq-sz     d/s     dkB/s   drqm/s  %drqm d_await dareq-sz     f/s f_await  aqu-sz  %util
nvme0n1          0.00      0.00     0.00   0.00    0.00     0.00 38353.60 285104.80    64.20   0.17    0.13     7.43    0.00      0.00     0.00   0.00    0.00     0.00 1083.80    0.03    4.95 100.00
nvme0n2          0.00      0.00     0.00   0.00    0.00     0.00    0.00      0.00     0.00   0.00    0.00     0.00    0.00      0.00     0.00   0.00    0.00     0.00    0.00    0.00    0.00   0.00
nvme0n3          0.00      0.00     0.00   0.00    0.00     0.00 2167.40  18944.80  2568.80  54.24    0.26     8.74    0.00      0.00     0.00   0.00    0.00     0.00 1078.80    0.03    0.60 100.00
nvme0n4          0.00      0.00     0.00   0.00    0.00     0.00    0.00      0.00     0.00   0.00    0.00     0.00    0.00      0.00     0.00   0.00    0.00     0.00    0.00    0.00    0.00   0.00
sda              0.00      0.00     0.00   0.00    0.00     0.00    2.20    180.00     0.80  26.67   15.27    81.82    0.00      0.00     0.00   0.00    0.00     0.00    0.40    0.00    0.03   1.12


avg-cpu:  %user   %nice %system %iowait  %steal   %idle
           1.62    0.00   29.71   10.23    0.00   58.43

Device            r/s     rkB/s   rrqm/s  %rrqm r_await rareq-sz     w/s     wkB/s   wrqm/s  %wrqm w_await wareq-sz     d/s     dkB/s   drqm/s  %drqm d_await dareq-sz     f/s f_await  aqu-sz  %util
nvme0n1          0.00      0.00     0.00   0.00    0.00     0.00 37873.40 282191.20    66.80   0.18    0.13     7.45    0.00      0.00     0.00   0.00    0.00     0.00 1073.40    0.03    4.91 100.00
nvme0n2          0.00      0.00     0.00   0.00    0.00     0.00    0.00      0.00     0.00   0.00    0.00     0.00    0.00      0.00     0.00   0.00    0.00     0.00    0.00    0.00    0.00   0.00
nvme0n3          0.00      0.00     0.00   0.00    0.00     0.00 2144.00  18588.00  2503.00  53.86    0.27     8.67    0.00      0.00     0.00   0.00    0.00     0.00 1067.00    0.03    0.61 100.00
nvme0n4          0.00      0.00     0.00   0.00    0.00     0.00    0.00      0.00     0.00   0.00    0.00     0.00    0.00      0.00     0.00   0.00    0.00     0.00    0.00    0.00    0.00   0.00
sda              0.00      0.00     0.00   0.00    0.00     0.00    2.00    180.80     0.40  16.67    9.10    90.40    0.00      0.00     0.00   0.00    0.00     0.00    0.40    0.00    0.02   0.48

