fc stats:
0 commits (0 skipped):
	0 ineligible
	0 failed
	0 empty
Commit type breakdown:
	0 fua
	0 fua+preflush
	0 multiblock
0 numblks
0 real_numblks
0 flushes
0 avg_commit_time
time breakdown:
	total: 0
	begin_time: 0
	perform_time: 0
		lock_updates_time: 0
		mark_inodes_committing: 0
		flush_data_time: 0
		dentry_commit_time: 0
		write_inodes_time: 0
		tail_write_time: 0
	wait_bufs_time: 0
Ineligible reasons:
"Extended attributes changed":	0
"Cross rename":	0
"Journal flag changed":	0
"Insufficient memory":	0
"Swap boot":	0
"Resize":	0
"Dir renamed":	0
"Falloc range op":	0
"Data journalling":	0
fsync: 
0,186525
1,106
2,15
3,22
4,6
5,14
6,2
7,3
8,1
11,1
12,1
14,1
15,1
17,1
21,1
25,1
27,1
669,1
670,1
671,1
673,2
674,1
675,1
676,1
677,3
681,3
682,3
684,1
686,1
687,3
688,2
690,2
691,4
692,2
693,3
694,5
695,4
696,3
697,3
698,2
699,5
700,5
701,12
702,8
703,3
704,6
705,3
706,4
707,6
708,2
709,8
710,10
711,9
712,6
713,2
714,13
715,11
716,10
717,16
718,12
719,14
720,13
721,10
722,9
723,18
724,6
725,13
726,14
727,19
728,22
729,19
730,21
731,27
732,19
733,25
734,31
735,27
736,23
737,32
738,34
739,26
740,27
741,35
742,29
743,38
744,41
745,44
746,39
747,39
748,51
749,52
750,72
751,54
752,61
753,69
754,65
755,73
756,61
757,87
758,86
759,84
760,81
761,68
762,81
763,91
764,97
765,97
766,90
767,106
768,106
769,97
770,101
771,99
772,144
773,136
774,113
775,159
776,131
777,145
778,140
779,181
780,164
781,168
782,155
783,179
784,172
785,189
786,180
787,200
788,194
789,237
790,244
791,217
792,228
793,219
794,258
795,297
796,252
797,261
798,263
799,287
800,304
801,342
802,317
803,303
804,333
805,315
806,332
807,374
808,339
809,341
810,368
811,420
812,384
813,388
814,418
815,411
816,391
817,466
818,454
819,465
820,483
821,481
822,483
823,539
824,506
825,492
826,525
827,528
828,598
829,561
830,567
831,656
832,609
833,593
834,629
835,628
836,613
837,661
838,647
839,656
840,689
841,721
842,744
843,682
844,699
845,740
846,750
847,793
848,729
849,768
850,837
851,817
852,793
853,800
854,832
855,788
856,892
857,886
858,906
859,884
860,877
861,903
862,897
863,892
864,913
865,879
866,1005
867,926
868,968
869,982
870,942
871,1007
872,996
873,1019
874,980
875,1061
876,963
877,1016
878,1078
879,1032
880,1045
881,1014
882,992
883,1004
884,1060
885,1036
886,1000
887,1012
888,1072
889,1097
890,1098
891,1058
892,1068
893,1102
894,1065
895,1058
896,1072
897,1107
898,1131
899,1090
900,1105
901,1125
902,1048
903,1055
904,1114
905,1119
906,1086
907,1075
908,1114
909,1134
910,1113
911,1090
912,1073
913,1053
914,1113
915,1012
916,1077
917,1032
918,1081
919,1027
920,1027
921,1071
922,1038
923,1075
924,1047
925,1037
926,1037
927,998
928,977
929,1015
930,1041
931,1013
932,1057
933,1044
934,995
935,1018
936,972
937,1012
938,978
939,916
940,1004
941,966
942,954
943,925
944,945
945,956
946,904
947,920
948,888
949,885
950,897
951,899
952,903
953,906
954,868
955,808
956,839
957,846
958,839
959,842
960,807
961,914
962,853
963,822
964,858
965,749
966,841
967,781
968,743
969,798
970,777
971,768
972,752
973,783
974,746
975,727
976,699
977,728
978,710
979,683
980,732
981,679
982,633
983,675
984,662
985,688
986,664
987,648
988,654
989,631
990,608
991,615
992,615
993,599
994,565
995,585
996,553
997,601
998,565
999,608
1000,557
1001,545
1002,520
1003,548
1004,494
1005,560
1006,522
1007,520
1008,497
1009,469
1010,504
1011,489
1012,492
1013,506
1014,480
1015,481
1016,457
1017,443
1018,394
1019,431
1020,434
1021,411
1022,447
1023,443
1024,415
1025,413
1026,425
1027,414
1028,384
1029,388
1030,409
1031,397
1032,379
1033,370
1034,353
1035,347
1036,398
1037,373
1038,353
1039,330
1040,336
1041,329
1042,323
1043,313
1044,344
1045,310
1046,314
1047,326
1048,298
1049,321
1050,297
1051,302
1052,286
1053,327
1054,276
1055,293
1056,253
1057,260
1058,242
1059,272
1060,248
1061,241
1062,276
1063,268
1064,265
1065,237
1066,254
1067,234
1068,244
1069,218
1070,223
1071,228
1072,239
1073,203
1074,205
1075,203
1076,230
1077,201
1078,246
1079,224
1080,219
1081,190
1082,206
1083,170
1084,203
1085,185
1086,167
1087,186
1088,200
1089,169
1090,160
1091,160
1092,181
1093,155
1094,147
1095,148
1096,151
1097,165
1098,152
1099,174
1100,114
1101,154
1102,165
1103,151
1104,133
1105,151
1106,123
1107,140
1108,149
1109,140
1110,139
1111,126
1112,117
1113,124
1114,141
1115,111
1116,120
1117,107
1118,122
1119,127
1120,121
1121,117
1122,107
1123,113
1124,113
1125,96
1126,100
1127,112
1128,106
1129,105
1130,104
1131,100
1132,97
1133,100
1134,93
1135,122
1136,73
1137,91
1138,87
1139,86
1140,76
1141,82
1142,87
1143,79
1144,99
1145,71
1146,85
1147,73
1148,83
1149,73
1150,66
1151,71
1152,52
1153,92
1154,64
1155,81
1156,60
1157,64
1158,64
1159,59
1160,72
1161,65
1162,61
1163,45
1164,56
1165,54
1166,55
1167,58
1168,57
1169,55
1170,48
1171,54
1172,62
1173,41
1174,42
1175,53
1176,39
1177,40
1178,64
1179,52
1180,40
1181,40
1182,45
1183,48
1184,43
1185,36
1186,45
1187,37
1188,42
1189,36
1190,34
1191,45
1192,42
1193,46
1194,30
1195,30
1196,38
1197,33
1198,41
1199,43
1200,39
1201,34
1202,53
1203,27
1204,37
1205,32
1206,37
1207,27
1208,23
1209,22
1210,31
1211,26
1212,29
1213,33
1214,35
1215,33
1216,25
1217,29
1218,26
1219,25
1220,27
1221,29
1222,35
1223,23
1224,21
1225,24
1226,26
1227,21
1228,19
1229,23
1230,15
1231,28
1232,24
1233,22
1234,29
1235,21
1236,21
1237,26
1238,26
1239,22
1240,14
1241,23
1242,12
1243,12
1244,30
1245,18
1246,19
1247,14
1248,22
1249,20
1250,10
1251,13
1252,18
1253,21
1254,11
1255,13
1256,13
1257,21
1258,16
1259,8
1260,12
1261,15
1262,16
1263,17
1264,11
1265,8
1266,21
1267,8
1268,18
1269,14
1270,14
1271,18
1272,9
1273,7
1274,9
1275,14
1276,12
1277,10
1278,12
1279,10
1280,9
1281,15
1282,14
1283,10
1284,13
1285,18
1286,13
1287,17
1288,14
1289,8
1290,10
1291,8
1292,7
1293,7
1294,11
1295,12
1296,14
1297,14
1298,10
1299,8
1300,5
1301,12
1302,14
1303,6
1304,8
1305,7
1306,11
1307,8
1308,6
1309,7
1310,8
1311,9
1312,5
1313,6
1314,3
1315,6
1316,5
1317,11
1318,9
1319,2
1320,11
1321,6
1322,9
1323,5
1324,6
1325,7
1326,7
1327,5
1328,9
1329,6
1330,3
1331,8
1332,6
1333,3
1334,7
1335,5
1336,3
1337,5
1338,8
1339,5
1340,5
1341,9
1342,4
1343,6
1344,7
1345,5
1346,9
1347,7
1348,4
1349,3
1350,4
1351,8
1352,5
1353,5
1354,4
1355,3
1356,1
1357,4
1358,4
1359,3
1361,4
1362,2
1363,4
1364,3
1365,6
1366,2
1367,1
1368,4
1369,6
1370,2
1371,5
1372,7
1373,5
1374,1
1375,3
1376,2
1377,4
1378,1
1379,3
1380,3
1381,6
1382,3
1383,3
1384,4
1385,3
1386,4
1387,3
1388,3
1389,2
1390,2
1391,1
1392,1
1393,5
1394,2
1395,4
1396,5
1397,7
1399,1
1400,1
1402,5
1403,1
1404,1
1406,5
1407,4
1408,5
1409,3
1410,2
1411,2
1412,3
1413,1
1414,4
1415,1
1416,5
1417,3
1418,3
1419,3
1420,2
1421,3
1423,5
1424,4
1425,4
1427,3
1428,4
1429,1
1430,1
1431,4
1433,1
1436,1
1438,1
1439,3
1440,4
1441,2
1442,1
1443,3
1444,3
1445,6
1446,3
1447,1
1448,2
1449,4
1450,4
1451,2
1452,2
1453,2
1455,2
1459,6
1460,2
1461,1
1462,2
1463,6
1464,3
1465,1
1466,1
1467,2
1468,2
1469,2
1470,1
1471,1
1472,2
1473,1
1474,1
1475,4
1476,1
1478,3
1479,2
1480,3
1481,1
1485,2
1487,2
1488,1
1489,2
1491,2
1492,2
1493,2
1494,1
1495,1
1496,4
1497,1
1498,2
1501,1
1502,1
1504,1
1507,2
1508,1
1509,1
1511,2
1512,1
1513,1
1516,1
1518,1
1520,1
1521,1
1522,2
1523,2
1524,1
1525,1
1526,1
1527,4
1529,2
1530,1
1531,1
1532,2
1538,1
1539,3
1540,2
1543,1
1547,1
1548,2
1549,1
1553,1
1554,1
1555,1
1558,1
1559,1
1560,2
1562,3
1563,1
1566,1
1567,1
1568,1
1569,1
1572,1
1575,1
1576,1
1578,1
1580,1
1582,2
1587,2
1593,1
1596,2
1597,1
1599,1
1600,1
1601,1
1603,3
1604,1
1605,1
1607,1
1612,1
1622,1
1623,1
1624,1
1625,1
1626,1
1628,1
1629,2
1630,1
1638,1
1639,1
1641,1
1643,1
1644,1
1645,1
1646,1
1650,1
1653,1
1662,2
1666,1
1668,1
1678,1
1683,1
1684,2
1685,1
1686,1
1688,1
1689,1
1692,1
1694,1
1697,1
1698,1
1700,1
1723,1
1724,1
1728,1
1732,1
1739,2
1741,1
1761,1
1764,1
1767,1
1778,1
1804,1
1836,1
1843,1
1849,1
1859,1
1865,1
1873,1
1899,1
1905,1
1911,1
1932,1
1941,1
1944,1
1946,1
1957,1
1971,1
1973,1
1999,1
2015,1
2033,1
2070,1
2126,1
2129,1
2151,1
2169,1
2231,1
2374,1
2465,1
2515,1
2595,1
2598,1
2715,1
2775,1
2776,1
2826,1
2895,1
3010,1
3262,1
3506,1
3532,1
3721,1
