Linux 5.19.0-rc5-xfstests-perf-00986-g953948f2acf6-dirty (harshads-do-not-delete-3) 	12/19/23 	_x86_64_	(32 CPU)


avg-cpu:  %user   %nice %system %iowait  %steal   %idle
           0.01    0.00    4.46    2.36    0.00   93.17

Device            r/s     rkB/s   rrqm/s  %rrqm r_await rareq-sz     w/s     wkB/s   wrqm/s  %wrqm w_await wareq-sz     d/s     dkB/s   drqm/s  %drqm d_await dareq-sz     f/s f_await  aqu-sz  %util
nvme0n1         37.80    151.20     0.00   0.00   10.03     4.00 6863.40  38820.80    10.60   0.15    0.08     5.66    0.00      0.00     0.00   0.00    0.00     0.00 2002.00    0.03    0.99  74.14
nvme0n2          0.00      0.00     0.00   0.00    0.00     0.00    0.00      0.00     0.00   0.00    0.00     0.00    0.00      0.00     0.00   0.00    0.00     0.00    0.00    0.00    0.00   0.00
nvme0n3          0.00      0.00     0.00   0.00    0.00     0.00 4201.20 105330.40 22131.40  84.05    0.11    25.07    0.00      0.00     0.00   0.00    0.00     0.00 2100.60    0.02    0.50  74.40
nvme0n4          0.00      0.00     0.00   0.00    0.00     0.00    0.00      0.00     0.00   0.00    0.00     0.00    0.00      0.00     0.00   0.00    0.00     0.00    0.00    0.00    0.00   0.00
sda              8.00    252.80    35.20  81.48   10.60    31.60    2.80     11.20     2.40  46.15    1.29     4.00    0.00      0.00     0.00   0.00    0.00     0.00    0.00    0.00    0.09   2.72


avg-cpu:  %user   %nice %system %iowait  %steal   %idle
           0.01    0.00    7.65    3.65    0.00   88.69

Device            r/s     rkB/s   rrqm/s  %rrqm r_await rareq-sz     w/s     wkB/s   wrqm/s  %wrqm w_await wareq-sz     d/s     dkB/s   drqm/s  %drqm d_await dareq-sz     f/s f_await  aqu-sz  %util
nvme0n1          0.00      0.00     0.00   0.00    0.00     0.00 12092.60  65552.80    28.20   0.23    0.08     5.42    0.00      0.00     0.00   0.00    0.00     0.00 3572.40    0.03    1.07 100.00
nvme0n2          0.00      0.00     0.00   0.00    0.00     0.00    0.00      0.00     0.00   0.00    0.00     0.00    0.00      0.00     0.00   0.00    0.00     0.00    0.00    0.00    0.00   0.00
nvme0n3          0.00      0.00     0.00   0.00    0.00     0.00 6278.00 180783.20 38919.60  86.11    0.11    28.80    0.00      0.00     0.00   0.00    0.00     0.00 3138.20    0.02    0.78 100.00
nvme0n4          0.00      0.00     0.00   0.00    0.00     0.00    0.00      0.00     0.00   0.00    0.00     0.00    0.00      0.00     0.00   0.00    0.00     0.00    0.00    0.00    0.00   0.00
sda              0.00      0.00     0.00   0.00    0.00     0.00    0.40     11.20     0.20  33.33    0.50    28.00    0.20      3.20     0.00   0.00    0.00    16.00    0.40    0.00    0.00   0.14


avg-cpu:  %user   %nice %system %iowait  %steal   %idle
           0.01    0.00    7.97    4.41    0.00   87.61

Device            r/s     rkB/s   rrqm/s  %rrqm r_await rareq-sz     w/s     wkB/s   wrqm/s  %wrqm w_await wareq-sz     d/s     dkB/s   drqm/s  %drqm d_await dareq-sz     f/s f_await  aqu-sz  %util
nvme0n1          0.00      0.00     0.00   0.00    0.00     0.00 12430.20  66844.00    29.40   0.24    0.08     5.38    0.00      0.00     0.00   0.00    0.00     0.00 3725.00    0.03    1.12 100.00
nvme0n2          0.00      0.00     0.00   0.00    0.00     0.00    0.00      0.00     0.00   0.00    0.00     0.00    0.00      0.00     0.00   0.00    0.00     0.00    0.00    0.00    0.00   0.00
nvme0n3          0.00      0.00     0.00   0.00    0.00     0.00 6577.20 185034.40 39680.80  85.78    0.11    28.13    0.00      0.00     0.00   0.00    0.00     0.00 3288.20    0.02    0.78 100.00
nvme0n4          0.00      0.00     0.00   0.00    0.00     0.00    0.00      0.00     0.00   0.00    0.00     0.00    0.00      0.00     0.00   0.00    0.00     0.00    0.00    0.00    0.00   0.00
sda             21.40    536.80    52.20  70.92    8.22    25.08    0.40      2.40     0.80  66.67    1.50     6.00    0.00      0.00     0.00   0.00    0.00     0.00    0.40    0.00    0.18   7.66


avg-cpu:  %user   %nice %system %iowait  %steal   %idle
           0.00    0.00    8.15    3.50    0.00   88.34

Device            r/s     rkB/s   rrqm/s  %rrqm r_await rareq-sz     w/s     wkB/s   wrqm/s  %wrqm w_await wareq-sz     d/s     dkB/s   drqm/s  %drqm d_await dareq-sz     f/s f_await  aqu-sz  %util
nvme0n1          0.00      0.00     0.00   0.00    0.00     0.00 12315.00  66788.80    20.20   0.16    0.08     5.42    0.00      0.00     0.00   0.00    0.00     0.00 3649.00    0.03    1.09 100.00
nvme0n2          0.00      0.00     0.00   0.00    0.00     0.00    0.00      0.00     0.00   0.00    0.00     0.00    0.00      0.00     0.00   0.00    0.00     0.00    0.00    0.00    0.00   0.00
nvme0n3          0.00      0.00     0.00   0.00    0.00     0.00 6433.80 185736.00 40001.80  86.14    0.11    28.87    0.00      0.00     0.00   0.00    0.00     0.00 3216.60    0.02    0.78 100.00
nvme0n4          0.00      0.00     0.00   0.00    0.00     0.00    0.00      0.00     0.00   0.00    0.00     0.00    0.00      0.00     0.00   0.00    0.00     0.00    0.00    0.00    0.00   0.00
sda              0.00      0.00     0.00   0.00    0.00     0.00    7.80     36.00     0.60   7.14   13.79     4.62    0.00      0.00     0.00   0.00    0.00     0.00    0.40    0.00    0.11   2.00


avg-cpu:  %user   %nice %system %iowait  %steal   %idle
           0.01    0.00    8.21    4.14    0.00   87.64

Device            r/s     rkB/s   rrqm/s  %rrqm r_await rareq-sz     w/s     wkB/s   wrqm/s  %wrqm w_await wareq-sz     d/s     dkB/s   drqm/s  %drqm d_await dareq-sz     f/s f_await  aqu-sz  %util
nvme0n1          0.00      0.00     0.00   0.00    0.00     0.00 12371.20  66575.20    24.40   0.20    0.08     5.38    0.00      0.00     0.00   0.00    0.00     0.00 3684.20    0.03    1.11 100.00
nvme0n2          0.00      0.00     0.00   0.00    0.00     0.00    0.00      0.00     0.00   0.00    0.00     0.00    0.00      0.00     0.00   0.00    0.00     0.00    0.00    0.00    0.00   0.00
nvme0n3          0.00      0.00     0.00   0.00    0.00     0.00 6522.40 183536.80 39358.80  85.78    0.11    28.14    0.00      0.00     0.00   0.00    0.00     0.00 3260.80    0.02    0.78 100.00
nvme0n4          0.00      0.00     0.00   0.00    0.00     0.00    0.00      0.00     0.00   0.00    0.00     0.00    0.00      0.00     0.00   0.00    0.00     0.00    0.00    0.00    0.00   0.00
sda              0.80      3.20     0.00   0.00   30.50     4.00    0.40      4.00     0.80  66.67    1.00    10.00    0.00      0.00     0.00   0.00    0.00     0.00    0.40    0.00    0.02   2.20


avg-cpu:  %user   %nice %system %iowait  %steal   %idle
           0.00    0.00    8.22    4.08    0.00   87.70

Device            r/s     rkB/s   rrqm/s  %rrqm r_await rareq-sz     w/s     wkB/s   wrqm/s  %wrqm w_await wareq-sz     d/s     dkB/s   drqm/s  %drqm d_await dareq-sz     f/s f_await  aqu-sz  %util
nvme0n1          0.00      0.00     0.00   0.00    0.00     0.00 12460.40  66948.80    25.40   0.20    0.08     5.37    0.00      0.00     0.00   0.00    0.00     0.00 3726.00    0.03    1.13 100.00
nvme0n2          0.00      0.00     0.00   0.00    0.00     0.00    0.00      0.00     0.00   0.00    0.00     0.00    0.00      0.00     0.00   0.00    0.00     0.00    0.00    0.00    0.00   0.00
nvme0n3          0.00      0.00     0.00   0.00    0.00     0.00 6580.60 187520.80 40303.20  85.96    0.11    28.50    0.00      0.00     0.00   0.00    0.00     0.00 3290.00    0.02    0.79 100.00
nvme0n4          0.00      0.00     0.00   0.00    0.00     0.00    0.00      0.00     0.00   0.00    0.00     0.00    0.00      0.00     0.00   0.00    0.00     0.00    0.00    0.00    0.00   0.00
sda              0.00      0.00     0.00   0.00    0.00     0.00    9.20     41.60     1.60  14.81   15.76     4.52    0.00      0.00     0.00   0.00    0.00     0.00    0.40    0.00    0.14   1.60


avg-cpu:  %user   %nice %system %iowait  %steal   %idle
           0.00    0.00    7.79    3.73    0.00   88.49

Device            r/s     rkB/s   rrqm/s  %rrqm r_await rareq-sz     w/s     wkB/s   wrqm/s  %wrqm w_await wareq-sz     d/s     dkB/s   drqm/s  %drqm d_await dareq-sz     f/s f_await  aqu-sz  %util
nvme0n1          0.00      0.00     0.00   0.00    0.00     0.00 12213.20  66026.40    39.80   0.32    0.08     5.41    0.00      0.00     0.00   0.00    0.00     0.00 3596.20    0.03    1.12 100.00
nvme0n2          0.00      0.00     0.00   0.00    0.00     0.00    0.00      0.00     0.00   0.00    0.00     0.00    0.00      0.00     0.00   0.00    0.00     0.00    0.00    0.00    0.00   0.00
nvme0n3          0.00      0.00     0.00   0.00    0.00     0.00 6355.40 179518.40 38524.00  85.84    0.11    28.25    0.00      0.00     0.00   0.00    0.00     0.00 3177.40    0.02    0.78 100.00
nvme0n4          0.00      0.00     0.00   0.00    0.00     0.00    0.00      0.00     0.00   0.00    0.00     0.00    0.00      0.00     0.00   0.00    0.00     0.00    0.00    0.00    0.00   0.00
sda              0.20      0.80     0.00   0.00   67.00     4.00    4.40     32.00     1.80  29.03    3.91     7.27    0.00      0.00     0.00   0.00    0.00     0.00    0.60    0.00    0.03   1.68


avg-cpu:  %user   %nice %system %iowait  %steal   %idle
           0.01    0.00    7.84    3.68    0.00   88.47

Device            r/s     rkB/s   rrqm/s  %rrqm r_await rareq-sz     w/s     wkB/s   wrqm/s  %wrqm w_await wareq-sz     d/s     dkB/s   drqm/s  %drqm d_await dareq-sz     f/s f_await  aqu-sz  %util
nvme0n1          0.00      0.00     0.00   0.00    0.00     0.00 12242.60  66140.80    23.20   0.19    0.08     5.40    0.00      0.00     0.00   0.00    0.00     0.00 3619.40    0.03    1.09 100.00
nvme0n2          0.00      0.00     0.00   0.00    0.00     0.00    0.00      0.00     0.00   0.00    0.00     0.00    0.00      0.00     0.00   0.00    0.00     0.00    0.00    0.00    0.00   0.00
nvme0n3          0.00      0.00     0.00   0.00    0.00     0.00 6420.80 180496.00 38701.00  85.77    0.11    28.11    0.00      0.00     0.00   0.00    0.00     0.00 3210.00    0.02    0.78 100.00
nvme0n4          0.00      0.00     0.00   0.00    0.00     0.00    0.00      0.00     0.00   0.00    0.00     0.00    0.00      0.00     0.00   0.00    0.00     0.00    0.00    0.00    0.00   0.00
sda              0.20      0.80     0.00   0.00   15.00     4.00    0.20      0.80     1.00  83.33    2.00     4.00    0.00      0.00     0.00   0.00    0.00     0.00    0.20    0.00    0.00   0.46


avg-cpu:  %user   %nice %system %iowait  %steal   %idle
           0.00    0.00    7.84    4.02    0.00   88.14

Device            r/s     rkB/s   rrqm/s  %rrqm r_await rareq-sz     w/s     wkB/s   wrqm/s  %wrqm w_await wareq-sz     d/s     dkB/s   drqm/s  %drqm d_await dareq-sz     f/s f_await  aqu-sz  %util
nvme0n1          0.00      0.00     0.00   0.00    0.00     0.00 12477.60  67053.60    30.40   0.24    0.08     5.37    0.00      0.00     0.00   0.00    0.00     0.00 3729.80    0.03    1.12 100.00
nvme0n2          0.00      0.00     0.00   0.00    0.00     0.00    0.00      0.00     0.00   0.00    0.00     0.00    0.00      0.00     0.00   0.00    0.00     0.00    0.00    0.00    0.00   0.00
nvme0n3          0.00      0.00     0.00   0.00    0.00     0.00 6552.40 187751.20 40384.40  86.04    0.11    28.65    0.00      0.00     0.00   0.00    0.00     0.00 3275.80    0.02    0.78 100.00
nvme0n4          0.00      0.00     0.00   0.00    0.00     0.00    0.00      0.00     0.00   0.00    0.00     0.00    0.00      0.00     0.00   0.00    0.00     0.00    0.00    0.00    0.00   0.00
sda              0.00      0.00     0.00   0.00    0.00     0.00   10.40     48.80     0.80   7.14   19.31     4.69    0.00      0.00     0.00   0.00    0.00     0.00    0.40    0.00    0.20   0.60


avg-cpu:  %user   %nice %system %iowait  %steal   %idle
           0.00    0.00    7.92    3.39    0.00   88.69

Device            r/s     rkB/s   rrqm/s  %rrqm r_await rareq-sz     w/s     wkB/s   wrqm/s  %wrqm w_await wareq-sz     d/s     dkB/s   drqm/s  %drqm d_await dareq-sz     f/s f_await  aqu-sz  %util
nvme0n1          0.00      0.00     0.00   0.00    0.00     0.00 11852.80  63615.20    24.00   0.20    0.08     5.37    0.00      0.00     0.00   0.00    0.00     0.00 3518.60    0.03    1.05 100.00
nvme0n2          0.00      0.00     0.00   0.00    0.00     0.00    0.00      0.00     0.00   0.00    0.00     0.00    0.00      0.00     0.00   0.00    0.00     0.00    0.00    0.00    0.00   0.00
nvme0n3          0.00      0.00     0.00   0.00    0.00     0.00 6380.60 177683.20 38040.20  85.64    0.11    27.85    0.00      0.00     0.00   0.00    0.00     0.00 3190.00    0.02    0.77 100.00
nvme0n4          0.00      0.00     0.00   0.00    0.00     0.00    0.00      0.00     0.00   0.00    0.00     0.00    0.00      0.00     0.00   0.00    0.00     0.00    0.00    0.00    0.00   0.00
sda              0.40      1.60     0.00   0.00   11.50     4.00    0.60      5.60     1.20  66.67    1.00     9.33    0.00      0.00     0.00   0.00    0.00     0.00    0.40    0.50    0.01   0.66


avg-cpu:  %user   %nice %system %iowait  %steal   %idle
           0.01    0.00    7.88    3.63    0.00   88.48

Device            r/s     rkB/s   rrqm/s  %rrqm r_await rareq-sz     w/s     wkB/s   wrqm/s  %wrqm w_await wareq-sz     d/s     dkB/s   drqm/s  %drqm d_await dareq-sz     f/s f_await  aqu-sz  %util
nvme0n1          0.00      0.00     0.00   0.00    0.00     0.00 11162.80  60190.40    27.60   0.25    0.08     5.39    0.00      0.00     0.00   0.00    0.00     0.00 3335.40    0.03    0.99 100.00
nvme0n2          0.00      0.00     0.00   0.00    0.00     0.00    0.00      0.00     0.00   0.00    0.00     0.00    0.00      0.00     0.00   0.00    0.00     0.00    0.00    0.00    0.00   0.00
nvme0n3          0.00      0.00     0.00   0.00    0.00     0.00 6824.60 176670.40 37343.00  84.55    0.10    25.89    0.00      0.00     0.00   0.00    0.00     0.00 3412.00    0.02    0.78 100.00
nvme0n4          0.00      0.00     0.00   0.00    0.00     0.00    0.00      0.00     0.00   0.00    0.00     0.00    0.00      0.00     0.00   0.00    0.00     0.00    0.00    0.00    0.00   0.00
sda              0.00      0.00     0.00   0.00    0.00     0.00    0.40      5.60     0.20  33.33    1.50    14.00    0.00      0.00     0.00   0.00    0.00     0.00    0.40    0.00    0.00   0.14


avg-cpu:  %user   %nice %system %iowait  %steal   %idle
           0.02    0.00    8.09    3.31    0.00   88.59

Device            r/s     rkB/s   rrqm/s  %rrqm r_await rareq-sz     w/s     wkB/s   wrqm/s  %wrqm w_await wareq-sz     d/s     dkB/s   drqm/s  %drqm d_await dareq-sz     f/s f_await  aqu-sz  %util
nvme0n1          0.00      0.00     0.00   0.00    0.00     0.00 11040.00  59548.00    25.80   0.23    0.08     5.39    0.00      0.00     0.00   0.00    0.00     0.00 3290.40    0.03    0.97 100.00
nvme0n2          0.00      0.00     0.00   0.00    0.00     0.00    0.00      0.00     0.00   0.00    0.00     0.00    0.00      0.00     0.00   0.00    0.00     0.00    0.00    0.00    0.00   0.00
nvme0n3          0.00      0.00     0.00   0.00    0.00     0.00 6689.80 174317.60 36892.20  84.65    0.11    26.06    0.00      0.00     0.00   0.00    0.00     0.00 3344.60    0.02    0.78 100.00
nvme0n4          0.00      0.00     0.00   0.00    0.00     0.00    0.00      0.00     0.00   0.00    0.00     0.00    0.00      0.00     0.00   0.00    0.00     0.00    0.00    0.00    0.00   0.00
sda              0.00      0.00     0.00   0.00    0.00     0.00    0.40      2.40     0.80  66.67    0.50     6.00    0.00      0.00     0.00   0.00    0.00     0.00    0.40    0.00    0.00   0.06


avg-cpu:  %user   %nice %system %iowait  %steal   %idle
           0.01    0.00    7.99    3.27    0.00   88.73

Device            r/s     rkB/s   rrqm/s  %rrqm r_await rareq-sz     w/s     wkB/s   wrqm/s  %wrqm w_await wareq-sz     d/s     dkB/s   drqm/s  %drqm d_await dareq-sz     f/s f_await  aqu-sz  %util
nvme0n1          0.00      0.00     0.00   0.00    0.00     0.00 11025.80  59492.80    43.20   0.39    0.08     5.40    0.00      0.00     0.00   0.00    0.00     0.00 3262.00    0.03    0.97 100.00
nvme0n2          0.00      0.00     0.00   0.00    0.00     0.00    0.00      0.00     0.00   0.00    0.00     0.00    0.00      0.00     0.00   0.00    0.00     0.00    0.00    0.00    0.00   0.00
nvme0n3          0.00      0.00     0.00   0.00    0.00     0.00 6686.80 174264.80 36876.80  84.65    0.11    26.06    0.00      0.00     0.00   0.00    0.00     0.00 3343.20    0.02    0.77 100.00
nvme0n4          0.00      0.00     0.00   0.00    0.00     0.00    0.00      0.00     0.00   0.00    0.00     0.00    0.00      0.00     0.00   0.00    0.00     0.00    0.00    0.00    0.00   0.00
sda              0.00      0.00     0.00   0.00    0.00     0.00   10.00     47.20     1.00   9.09   22.32     4.72    0.00      0.00     0.00   0.00    0.00     0.00    0.40    0.00    0.22   1.40


avg-cpu:  %user   %nice %system %iowait  %steal   %idle
           0.01    0.00    8.23    3.31    0.00   88.45

Device            r/s     rkB/s   rrqm/s  %rrqm r_await rareq-sz     w/s     wkB/s   wrqm/s  %wrqm w_await wareq-sz     d/s     dkB/s   drqm/s  %drqm d_await dareq-sz     f/s f_await  aqu-sz  %util
nvme0n1          0.00      0.00     0.00   0.00    0.00     0.00 10970.00  59291.20    26.60   0.24    0.08     5.40    0.00      0.00     0.00   0.00    0.00     0.00 3236.80    0.03    0.95 100.00
nvme0n2          0.00      0.00     0.00   0.00    0.00     0.00    0.00      0.00     0.00   0.00    0.00     0.00    0.00      0.00     0.00   0.00    0.00     0.00    0.00    0.00    0.00   0.00
nvme0n3          0.00      0.00     0.00   0.00    0.00     0.00 6635.60 170224.80 35920.60  84.41    0.11    25.65    0.00      0.00     0.00   0.00    0.00     0.00 3317.40    0.02    0.78 100.00
nvme0n4          0.00      0.00     0.00   0.00    0.00     0.00    0.00      0.00     0.00   0.00    0.00     0.00    0.00      0.00     0.00   0.00    0.00     0.00    0.00    0.00    0.00   0.00
sda              0.00      0.00     0.00   0.00    0.00     0.00    2.40     14.40     1.20  33.33    0.92     6.00    0.00      0.00     0.00   0.00    0.00     0.00    0.40    0.00    0.00   0.20


avg-cpu:  %user   %nice %system %iowait  %steal   %idle
           0.01    0.00    8.00    3.45    0.00   88.54

Device            r/s     rkB/s   rrqm/s  %rrqm r_await rareq-sz     w/s     wkB/s   wrqm/s  %wrqm w_await wareq-sz     d/s     dkB/s   drqm/s  %drqm d_await dareq-sz     f/s f_await  aqu-sz  %util
nvme0n1          0.00      0.00     0.00   0.00    0.00     0.00 11162.20  60048.80    21.00   0.19    0.08     5.38    0.00      0.00     0.00   0.00    0.00     0.00 3306.00    0.03    0.97 100.00
nvme0n2          0.00      0.00     0.00   0.00    0.00     0.00    0.00      0.00     0.00   0.00    0.00     0.00    0.00      0.00     0.00   0.00    0.00     0.00    0.00    0.00    0.00   0.00
nvme0n3          0.00      0.00     0.00   0.00    0.00     0.00 6794.20 175032.00 36963.80  84.47    0.11    25.76    0.00      0.00     0.00   0.00    0.00     0.00 3396.60    0.02    0.79 100.00
nvme0n4          0.00      0.00     0.00   0.00    0.00     0.00    0.00      0.00     0.00   0.00    0.00     0.00    0.00      0.00     0.00   0.00    0.00     0.00    0.00    0.00    0.00   0.00
sda              0.00      0.00     0.00   0.00    0.00     0.00    0.60      6.40     0.80  57.14    0.67    10.67    0.00      0.00     0.00   0.00    0.00     0.00    0.40    0.00    0.00   0.14


avg-cpu:  %user   %nice %system %iowait  %steal   %idle
           0.01    0.00    8.07    3.49    0.00   88.43

Device            r/s     rkB/s   rrqm/s  %rrqm r_await rareq-sz     w/s     wkB/s   wrqm/s  %wrqm w_await wareq-sz     d/s     dkB/s   drqm/s  %drqm d_await dareq-sz     f/s f_await  aqu-sz  %util
nvme0n1          0.00      0.00     0.00   0.00    0.00     0.00 11069.40  59701.60    26.20   0.24    0.08     5.39    0.00      0.00     0.00   0.00    0.00     0.00 3287.40    0.03    0.98 100.00
nvme0n2          0.00      0.00     0.00   0.00    0.00     0.00    0.00      0.00     0.00   0.00    0.00     0.00    0.00      0.00     0.00   0.00    0.00     0.00    0.00    0.00    0.00   0.00
nvme0n3          0.00      0.00     0.00   0.00    0.00     0.00 6684.40 171913.60 36294.00  84.45    0.11    25.72    0.00      0.00     0.00   0.00    0.00     0.00 3342.00    0.02    0.79 100.00
nvme0n4          0.00      0.00     0.00   0.00    0.00     0.00    0.00      0.00     0.00   0.00    0.00     0.00    0.00      0.00     0.00   0.00    0.00     0.00    0.00    0.00    0.00   0.00
sda              0.00      0.00     0.00   0.00    0.00     0.00   10.00     45.60     1.20  10.71   13.92     4.56    0.00      0.00     0.00   0.00    0.00     0.00    0.40    0.00    0.14   2.06


avg-cpu:  %user   %nice %system %iowait  %steal   %idle
           0.00    0.00    8.00    3.97    0.00   88.03

Device            r/s     rkB/s   rrqm/s  %rrqm r_await rareq-sz     w/s     wkB/s   wrqm/s  %wrqm w_await wareq-sz     d/s     dkB/s   drqm/s  %drqm d_await dareq-sz     f/s f_await  aqu-sz  %util
nvme0n1          0.00      0.00     0.00   0.00    0.00     0.00 11279.00  60552.00    33.80   0.30    0.08     5.37    0.00      0.00     0.00   0.00    0.00     0.00 3402.60    0.03    1.02 100.00
nvme0n2          0.00      0.00     0.00   0.00    0.00     0.00    0.00      0.00     0.00   0.00    0.00     0.00    0.00      0.00     0.00   0.00    0.00     0.00    0.00    0.00    0.00   0.00
nvme0n3          0.00      0.00     0.00   0.00    0.00     0.00 6900.40 180299.20 38177.00  84.69    0.10    26.13    0.00      0.00     0.00   0.00    0.00     0.00 3449.80    0.02    0.80 100.00
nvme0n4          0.00      0.00     0.00   0.00    0.00     0.00    0.00      0.00     0.00   0.00    0.00     0.00    0.00      0.00     0.00   0.00    0.00     0.00    0.00    0.00    0.00   0.00
sda              0.00      0.00     0.00   0.00    0.00     0.00    8.20     38.40     0.20   2.38   16.44     4.68    0.00      0.00     0.00   0.00    0.00     0.00    0.40    0.00    0.13   0.68


avg-cpu:  %user   %nice %system %iowait  %steal   %idle
           0.00    0.00    8.01    3.55    0.00   88.44

Device            r/s     rkB/s   rrqm/s  %rrqm r_await rareq-sz     w/s     wkB/s   wrqm/s  %wrqm w_await wareq-sz     d/s     dkB/s   drqm/s  %drqm d_await dareq-sz     f/s f_await  aqu-sz  %util
nvme0n1          0.00      0.00     0.00   0.00    0.00     0.00 11134.80  60130.40    29.00   0.26    0.08     5.40    0.00      0.00     0.00   0.00    0.00     0.00 3318.00    0.03    0.99 100.00
nvme0n2          0.00      0.00     0.00   0.00    0.00     0.00    0.00      0.00     0.00   0.00    0.00     0.00    0.00      0.00     0.00   0.00    0.00     0.00    0.00    0.00    0.00   0.00
nvme0n3          0.00      0.00     0.00   0.00    0.00     0.00 6756.80 177549.60 37629.60  84.78    0.11    26.28    0.00      0.00     0.00   0.00    0.00     0.00 3378.00    0.02    0.79 100.00
nvme0n4          0.00      0.00     0.00   0.00    0.00     0.00    0.00      0.00     0.00   0.00    0.00     0.00    0.00      0.00     0.00   0.00    0.00     0.00    0.00    0.00    0.00   0.00
sda              0.00      0.00     0.00   0.00    0.00     0.00    0.40      2.40     0.20  33.33    1.00     6.00    0.00      0.00     0.00   0.00    0.00     0.00    0.40    0.00    0.00   0.06


avg-cpu:  %user   %nice %system %iowait  %steal   %idle
           0.01    0.00    8.21    3.56    0.00   88.22

Device            r/s     rkB/s   rrqm/s  %rrqm r_await rareq-sz     w/s     wkB/s   wrqm/s  %wrqm w_await wareq-sz     d/s     dkB/s   drqm/s  %drqm d_await dareq-sz     f/s f_await  aqu-sz  %util
nvme0n1          0.00      0.00     0.00   0.00    0.00     0.00 11266.40  60540.80    33.00   0.29    0.08     5.37    0.00      0.00     0.00   0.00    0.00     0.00 3395.40    0.03    1.00 100.00
nvme0n2          0.00      0.00     0.00   0.00    0.00     0.00    0.00      0.00     0.00   0.00    0.00     0.00    0.00      0.00     0.00   0.00    0.00     0.00    0.00    0.00    0.00   0.00
nvme0n3          0.00      0.00     0.00   0.00    0.00     0.00 7025.60 179662.40 37888.40  84.36    0.10    25.57    0.00      0.00     0.00   0.00    0.00     0.00 3512.60    0.02    0.77 100.00
nvme0n4          0.00      0.00     0.00   0.00    0.00     0.00    0.00      0.00     0.00   0.00    0.00     0.00    0.00      0.00     0.00   0.00    0.00     0.00    0.00    0.00    0.00   0.00
sda              0.00      0.00     0.00   0.00    0.00     0.00    0.60      3.20     0.20  25.00    0.67     5.33    0.00      0.00     0.00   0.00    0.00     0.00    0.40    0.00    0.00   0.14


avg-cpu:  %user   %nice %system %iowait  %steal   %idle
           0.00    0.00    7.95    3.20    0.00   88.85

Device            r/s     rkB/s   rrqm/s  %rrqm r_await rareq-sz     w/s     wkB/s   wrqm/s  %wrqm w_await wareq-sz     d/s     dkB/s   drqm/s  %drqm d_await dareq-sz     f/s f_await  aqu-sz  %util
nvme0n1          0.00      0.00     0.00   0.00    0.00     0.00 10988.60  59435.20    37.40   0.34    0.08     5.41    0.00      0.00     0.00   0.00    0.00     0.00 3247.60    0.03    0.97 100.00
nvme0n2          0.00      0.00     0.00   0.00    0.00     0.00    0.00      0.00     0.00   0.00    0.00     0.00    0.00      0.00     0.00   0.00    0.00     0.00    0.00    0.00    0.00   0.00
nvme0n3          0.00      0.00     0.00   0.00    0.00     0.00 6676.00 177101.60 37599.40  84.92    0.11    26.53    0.00      0.00     0.00   0.00    0.00     0.00 3337.60    0.02    0.77 100.00
nvme0n4          0.00      0.00     0.00   0.00    0.00     0.00    0.00      0.00     0.00   0.00    0.00     0.00    0.00      0.00     0.00   0.00    0.00     0.00    0.00    0.00    0.00   0.00
sda              0.00      0.00     0.00   0.00    0.00     0.00    0.40      2.40     0.20  33.33    0.50     6.00    0.00      0.00     0.00   0.00    0.00     0.00    0.40    0.00    0.00   0.06


avg-cpu:  %user   %nice %system %iowait  %steal   %idle
           0.01    0.00    7.75    3.43    0.00   88.81

Device            r/s     rkB/s   rrqm/s  %rrqm r_await rareq-sz     w/s     wkB/s   wrqm/s  %wrqm w_await wareq-sz     d/s     dkB/s   drqm/s  %drqm d_await dareq-sz     f/s f_await  aqu-sz  %util
nvme0n1          0.00      0.00     0.00   0.00    0.00     0.00 11127.80  60127.20    28.40   0.25    0.08     5.40    0.00      0.00     0.00   0.00    0.00     0.00 3320.80    0.03    0.98 100.00
nvme0n2          0.00      0.00     0.00   0.00    0.00     0.00    0.00      0.00     0.00   0.00    0.00     0.00    0.00      0.00     0.00   0.00    0.00     0.00    0.00    0.00    0.00   0.00
nvme0n3          0.00      0.00     0.00   0.00    0.00     0.00 6807.60 174141.60 36727.80  84.36    0.10    25.58    0.00      0.00     0.00   0.00    0.00     0.00 3403.40    0.02    0.78 100.00
nvme0n4          0.00      0.00     0.00   0.00    0.00     0.00    0.00      0.00     0.00   0.00    0.00     0.00    0.00      0.00     0.00   0.00    0.00     0.00    0.00    0.00    0.00   0.00
sda              0.00      0.00     0.00   0.00    0.00     0.00    1.80      9.60     0.80  30.77   29.44     5.33    0.00      0.00     0.00   0.00    0.00     0.00    0.40    0.00    0.05   2.40


avg-cpu:  %user   %nice %system %iowait  %steal   %idle
           0.00    0.00    8.18    3.94    0.00   87.87

Device            r/s     rkB/s   rrqm/s  %rrqm r_await rareq-sz     w/s     wkB/s   wrqm/s  %wrqm w_await wareq-sz     d/s     dkB/s   drqm/s  %drqm d_await dareq-sz     f/s f_await  aqu-sz  %util
nvme0n1          0.00      0.00     0.00   0.00    0.00     0.00 11216.60  60272.00    35.40   0.31    0.08     5.37    0.00      0.00     0.00   0.00    0.00     0.00 3372.00    0.03    1.00 100.00
nvme0n2          0.00      0.00     0.00   0.00    0.00     0.00    0.00      0.00     0.00   0.00    0.00     0.00    0.00      0.00     0.00   0.00    0.00     0.00    0.00    0.00    0.00   0.00
nvme0n3          0.00      0.00     0.00   0.00    0.00     0.00 6933.60 180032.00 38077.60  84.60    0.10    25.97    0.00      0.00     0.00   0.00    0.00     0.00 3466.40    0.02    0.79 100.00
nvme0n4          0.00      0.00     0.00   0.00    0.00     0.00    0.00      0.00     0.00   0.00    0.00     0.00    0.00      0.00     0.00   0.00    0.00     0.00    0.00    0.00    0.00   0.00
sda              0.00      0.00     0.00   0.00    0.00     0.00    0.40      4.00     0.20  33.33   17.00    10.00    0.00      0.00     0.00   0.00    0.00     0.00    0.40    0.00    0.01   0.74


avg-cpu:  %user   %nice %system %iowait  %steal   %idle
           0.01    0.00    7.84    3.63    0.00   88.51

Device            r/s     rkB/s   rrqm/s  %rrqm r_await rareq-sz     w/s     wkB/s   wrqm/s  %wrqm w_await wareq-sz     d/s     dkB/s   drqm/s  %drqm d_await dareq-sz     f/s f_await  aqu-sz  %util
nvme0n1          0.00      0.00     0.00   0.00    0.00     0.00 10940.40  58776.00    23.20   0.21    0.08     5.37    0.00      0.00     0.00   0.00    0.00     0.00 3288.60    0.03    1.02 100.00
nvme0n2          0.00      0.00     0.00   0.00    0.00     0.00    0.00      0.00     0.00   0.00    0.00     0.00    0.00      0.00     0.00   0.00    0.00     0.00    0.00    0.00    0.00   0.00
nvme0n3          0.00      0.00     0.00   0.00    0.00     0.00 6572.00 169563.20 35815.60  84.50    0.11    25.80    0.00      0.00     0.00   0.00    0.00     0.00 3285.60    0.02    0.79 100.00
nvme0n4          0.00      0.00     0.00   0.00    0.00     0.00    0.00      0.00     0.00   0.00    0.00     0.00    0.00      0.00     0.00   0.00    0.00     0.00    0.00    0.00    0.00   0.00
sda              0.00      0.00     0.00   0.00    0.00     0.00    0.40      2.40     0.80  66.67    1.00     6.00    0.00      0.00     0.00   0.00    0.00     0.00    0.40    0.00    0.00   0.12


avg-cpu:  %user   %nice %system %iowait  %steal   %idle
           0.01    0.00    7.99    3.66    0.00   88.34

Device            r/s     rkB/s   rrqm/s  %rrqm r_await rareq-sz     w/s     wkB/s   wrqm/s  %wrqm w_await wareq-sz     d/s     dkB/s   drqm/s  %drqm d_await dareq-sz     f/s f_await  aqu-sz  %util
nvme0n1          0.00      0.00     0.00   0.00    0.00     0.00 10766.60  57744.00    26.20   0.24    0.08     5.36    0.00      0.00     0.00   0.00    0.00     0.00 3227.40    0.03    1.00 100.00
nvme0n2          0.00      0.00     0.00   0.00    0.00     0.00    0.00      0.00     0.00   0.00    0.00     0.00    0.00      0.00     0.00   0.00    0.00     0.00    0.00    0.00    0.00   0.00
nvme0n3          0.00      0.00     0.00   0.00    0.00     0.00 6402.40 166516.80 35226.80  84.62    0.11    26.01    0.00      0.00     0.00   0.00    0.00     0.00 3200.80    0.02    0.80 100.00
nvme0n4          0.00      0.00     0.00   0.00    0.00     0.00    0.00      0.00     0.00   0.00    0.00     0.00    0.00      0.00     0.00   0.00    0.00     0.00    0.00    0.00    0.00   0.00
sda              0.00      0.00     0.00   0.00    0.00     0.00    9.40     44.00     1.40  12.96   31.00     4.68    0.00      0.00     0.00   0.00    0.00     0.00    0.40    0.50    0.29   2.14


avg-cpu:  %user   %nice %system %iowait  %steal   %idle
           0.01    0.00    7.70    3.13    0.00   89.16

Device            r/s     rkB/s   rrqm/s  %rrqm r_await rareq-sz     w/s     wkB/s   wrqm/s  %wrqm w_await wareq-sz     d/s     dkB/s   drqm/s  %drqm d_await dareq-sz     f/s f_await  aqu-sz  %util
nvme0n1          0.00      0.00     0.00   0.00    0.00     0.00 10588.00  57331.20    25.60   0.24    0.08     5.41    0.00      0.00     0.00   0.00    0.00     0.00 3098.40    0.03    0.97 100.00
nvme0n2          0.00      0.00     0.00   0.00    0.00     0.00    0.00      0.00     0.00   0.00    0.00     0.00    0.00      0.00     0.00   0.00    0.00     0.00    0.00    0.00    0.00   0.00
nvme0n3          0.00      0.00     0.00   0.00    0.00     0.00 6209.20 168108.00 35817.80  85.23    0.11    27.07    0.00      0.00     0.00   0.00    0.00     0.00 3104.40    0.02    0.79 100.00
nvme0n4          0.00      0.00     0.00   0.00    0.00     0.00    0.00      0.00     0.00   0.00    0.00     0.00    0.00      0.00     0.00   0.00    0.00     0.00    0.00    0.00    0.00   0.00
sda              0.00      0.00     0.00   0.00    0.00     0.00    0.40      5.60     0.80  66.67    1.00    14.00    0.00      0.00     0.00   0.00    0.00     0.00    0.40    0.00    0.00   0.14


avg-cpu:  %user   %nice %system %iowait  %steal   %idle
           0.00    0.00    8.07    3.44    0.00   88.48

Device            r/s     rkB/s   rrqm/s  %rrqm r_await rareq-sz     w/s     wkB/s   wrqm/s  %wrqm w_await wareq-sz     d/s     dkB/s   drqm/s  %drqm d_await dareq-sz     f/s f_await  aqu-sz  %util
nvme0n1          0.00      0.00     0.00   0.00    0.00     0.00 11257.00  60605.60    38.00   0.34    0.08     5.38    0.00      0.00     0.00   0.00    0.00     0.00 3355.00    0.03    0.99 100.00
nvme0n2          0.00      0.00     0.00   0.00    0.00     0.00    0.00      0.00     0.00   0.00    0.00     0.00    0.00      0.00     0.00   0.00    0.00     0.00    0.00    0.00    0.00   0.00
nvme0n3          0.00      0.00     0.00   0.00    0.00     0.00 6818.20 173326.40 36513.20  84.26    0.10    25.42    0.00      0.00     0.00   0.00    0.00     0.00 3408.80    0.02    0.77 100.00
nvme0n4          0.00      0.00     0.00   0.00    0.00     0.00    0.00      0.00     0.00   0.00    0.00     0.00    0.00      0.00     0.00   0.00    0.00     0.00    0.00    0.00    0.00   0.00
sda              0.00      0.00     0.00   0.00    0.00     0.00   10.00     46.40     1.00   9.09    1.98     4.64    0.00      0.00     0.00   0.00    0.00     0.00    0.40    0.00    0.02   0.32


avg-cpu:  %user   %nice %system %iowait  %steal   %idle
           0.01    0.00    7.85    3.48    0.00   88.67

Device            r/s     rkB/s   rrqm/s  %rrqm r_await rareq-sz     w/s     wkB/s   wrqm/s  %wrqm w_await wareq-sz     d/s     dkB/s   drqm/s  %drqm d_await dareq-sz     f/s f_await  aqu-sz  %util
nvme0n1          0.00      0.00     0.00   0.00    0.00     0.00 10788.00  58555.20    26.20   0.24    0.08     5.43    0.00      0.00     0.00   0.00    0.00     0.00 3172.40    0.03    0.95 100.00
nvme0n2          0.00      0.00     0.00   0.00    0.00     0.00    0.00      0.00     0.00   0.00    0.00     0.00    0.00      0.00     0.00   0.00    0.00     0.00    0.00    0.00    0.00   0.00
nvme0n3          0.00      0.00     0.00   0.00    0.00     0.00 6458.80 171097.60 36315.80  84.90    0.11    26.49    0.00      0.00     0.00   0.00    0.00     0.00 3229.00    0.02    0.79 100.00
nvme0n4          0.00      0.00     0.00   0.00    0.00     0.00    0.00      0.00     0.00   0.00    0.00     0.00    0.00      0.00     0.00   0.00    0.00     0.00    0.00    0.00    0.00   0.00
sda              4.40     85.60    10.20  69.86   15.50    19.45    0.40      4.00     1.60  80.00    1.50    10.00    0.00      0.00     0.00   0.00    0.00     0.00    0.40    0.00    0.07   3.60


avg-cpu:  %user   %nice %system %iowait  %steal   %idle
           0.00    0.00    8.12    3.79    0.00   88.09

Device            r/s     rkB/s   rrqm/s  %rrqm r_await rareq-sz     w/s     wkB/s   wrqm/s  %wrqm w_await wareq-sz     d/s     dkB/s   drqm/s  %drqm d_await dareq-sz     f/s f_await  aqu-sz  %util
nvme0n1          0.00      0.00     0.00   0.00    0.00     0.00 11190.20  59891.20    26.20   0.23    0.08     5.35    0.00      0.00     0.00   0.00    0.00     0.00 3378.20    0.03    1.02 100.00
nvme0n2          0.00      0.00     0.00   0.00    0.00     0.00    0.00      0.00     0.00   0.00    0.00     0.00    0.00      0.00     0.00   0.00    0.00     0.00    0.00    0.00    0.00   0.00
nvme0n3          0.00      0.00     0.00   0.00    0.00     0.00 6852.80 179966.40 38139.60  84.77    0.10    26.26    0.00      0.00     0.00   0.00    0.00     0.00 3426.00    0.02    0.79 100.00
nvme0n4          0.00      0.00     0.00   0.00    0.00     0.00    0.00      0.00     0.00   0.00    0.00     0.00    0.00      0.00     0.00   0.00    0.00     0.00    0.00    0.00    0.00   0.00
sda              0.20      0.80     0.00   0.00   51.00     4.00   10.60     53.60     1.00   8.62    9.13     5.06    0.00      0.00     0.00   0.00    0.00     0.00    0.40    0.00    0.11   3.40


avg-cpu:  %user   %nice %system %iowait  %steal   %idle
           0.00    0.00    8.10    3.78    0.00   88.12

Device            r/s     rkB/s   rrqm/s  %rrqm r_await rareq-sz     w/s     wkB/s   wrqm/s  %wrqm w_await wareq-sz     d/s     dkB/s   drqm/s  %drqm d_await dareq-sz     f/s f_await  aqu-sz  %util
nvme0n1          0.00      0.00     0.00   0.00    0.00     0.00 11279.60  60705.60    22.00   0.19    0.08     5.38    0.00      0.00     0.00   0.00    0.00     0.00 3393.60    0.03    1.02 100.00
nvme0n2          0.00      0.00     0.00   0.00    0.00     0.00    0.00      0.00     0.00   0.00    0.00     0.00    0.00      0.00     0.00   0.00    0.00     0.00    0.00    0.00    0.00   0.00
nvme0n3          0.00      0.00     0.00   0.00    0.00     0.00 6899.80 177749.60 37536.80  84.47    0.10    25.76    0.00      0.00     0.00   0.00    0.00     0.00 3449.60    0.02    0.78 100.00
nvme0n4          0.00      0.00     0.00   0.00    0.00     0.00    0.00      0.00     0.00   0.00    0.00     0.00    0.00      0.00     0.00   0.00    0.00     0.00    0.00    0.00    0.00   0.00
sda              0.00      0.00     0.00   0.00    0.00     0.00    0.60      4.80     0.20  25.00    1.67     8.00    0.00      0.00     0.00   0.00    0.00     0.00    0.40    0.00    0.00   0.20


avg-cpu:  %user   %nice %system %iowait  %steal   %idle
           0.01    0.00    7.93    3.50    0.00   88.56

Device            r/s     rkB/s   rrqm/s  %rrqm r_await rareq-sz     w/s     wkB/s   wrqm/s  %wrqm w_await wareq-sz     d/s     dkB/s   drqm/s  %drqm d_await dareq-sz     f/s f_await  aqu-sz  %util
nvme0n1          0.00      0.00     0.00   0.00    0.00     0.00 11171.00  59869.60    29.40   0.26    0.08     5.36    0.00      0.00     0.00   0.00    0.00     0.00 3344.00    0.03    0.99 100.00
nvme0n2          0.00      0.00     0.00   0.00    0.00     0.00    0.00      0.00     0.00   0.00    0.00     0.00    0.00      0.00     0.00   0.00    0.00     0.00    0.00    0.00    0.00   0.00
nvme0n3          0.00      0.00     0.00   0.00    0.00     0.00 6778.20 175125.60 37003.20  84.52    0.11    25.84    0.00      0.00     0.00   0.00    0.00     0.00 3388.80    0.02    0.78 100.00
nvme0n4          0.00      0.00     0.00   0.00    0.00     0.00    0.00      0.00     0.00   0.00    0.00     0.00    0.00      0.00     0.00   0.00    0.00     0.00    0.00    0.00    0.00   0.00
sda              0.00      0.00     0.00   0.00    0.00     0.00    0.40      2.40     0.80  66.67    1.00     6.00    0.00      0.00     0.00   0.00    0.00     0.00    0.40    0.00    0.00   0.14


avg-cpu:  %user   %nice %system %iowait  %steal   %idle
           0.02    0.00    8.21    3.69    0.00   88.08

Device            r/s     rkB/s   rrqm/s  %rrqm r_await rareq-sz     w/s     wkB/s   wrqm/s  %wrqm w_await wareq-sz     d/s     dkB/s   drqm/s  %drqm d_await dareq-sz     f/s f_await  aqu-sz  %util
nvme0n1          0.00      0.00     0.00   0.00    0.00     0.00 11156.80  59846.40    23.20   0.21    0.08     5.36    0.00      0.00     0.00   0.00    0.00     0.00 3349.20    0.03    0.98 100.00
nvme0n2          0.00      0.00     0.00   0.00    0.00     0.00    0.00      0.00     0.00   0.00    0.00     0.00    0.00      0.00     0.00   0.00    0.00     0.00    0.00    0.00    0.00   0.00
nvme0n3          0.00      0.00     0.00   0.00    0.00     0.00 6835.00 177491.20 37537.80  84.60    0.10    25.97    0.00      0.00     0.00   0.00    0.00     0.00 3417.20    0.02    0.79 100.00
nvme0n4          0.00      0.00     0.00   0.00    0.00     0.00    0.00      0.00     0.00   0.00    0.00     0.00    0.00      0.00     0.00   0.00    0.00     0.00    0.00    0.00    0.00   0.00
sda              0.00      0.00     0.00   0.00    0.00     0.00   10.20     47.20     1.20  10.53   16.12     4.63    0.00      0.00     0.00   0.00    0.00     0.00    0.40    0.00    0.16   0.74


avg-cpu:  %user   %nice %system %iowait  %steal   %idle
           0.01    0.00    8.27    3.46    0.00   88.26

Device            r/s     rkB/s   rrqm/s  %rrqm r_await rareq-sz     w/s     wkB/s   wrqm/s  %wrqm w_await wareq-sz     d/s     dkB/s   drqm/s  %drqm d_await dareq-sz     f/s f_await  aqu-sz  %util
nvme0n1          0.00      0.00     0.00   0.00    0.00     0.00 10993.00  59423.20    34.60   0.31    0.08     5.41    0.00      0.00     0.00   0.00    0.00     0.00 3260.80    0.03    0.98 100.00
nvme0n2          0.00      0.00     0.00   0.00    0.00     0.00    0.00      0.00     0.00   0.00    0.00     0.00    0.00      0.00     0.00   0.00    0.00     0.00    0.00    0.00    0.00   0.00
nvme0n3          0.00      0.00     0.00   0.00    0.00     0.00 6640.20 170907.20 36088.60  84.46    0.11    25.74    0.00      0.00     0.00   0.00    0.00     0.00 3319.60    0.02    0.79 100.00
nvme0n4          0.00      0.00     0.00   0.00    0.00     0.00    0.00      0.00     0.00   0.00    0.00     0.00    0.00      0.00     0.00   0.00    0.00     0.00    0.00    0.00    0.00   0.00
sda              0.00      0.00     0.00   0.00    0.00     0.00    8.00     38.40     1.20  13.04    2.20     4.80    0.00      0.00     0.00   0.00    0.00     0.00    0.40    0.00    0.02   0.20


avg-cpu:  %user   %nice %system %iowait  %steal   %idle
           0.00    0.00    7.88    3.41    0.00   88.71

Device            r/s     rkB/s   rrqm/s  %rrqm r_await rareq-sz     w/s     wkB/s   wrqm/s  %wrqm w_await wareq-sz     d/s     dkB/s   drqm/s  %drqm d_await dareq-sz     f/s f_await  aqu-sz  %util
nvme0n1          0.00      0.00     0.00   0.00    0.00     0.00 10951.60  59079.20    27.00   0.25    0.08     5.39    0.00      0.00     0.00   0.00    0.00     0.00 3257.20    0.03    0.97 100.00
nvme0n2          0.00      0.00     0.00   0.00    0.00     0.00    0.00      0.00     0.00   0.00    0.00     0.00    0.00      0.00     0.00   0.00    0.00     0.00    0.00    0.00    0.00   0.00
nvme0n3          0.00      0.00     0.00   0.00    0.00     0.00 6631.00 173730.40 36801.00  84.73    0.11    26.20    0.00      0.00     0.00   0.00    0.00     0.00 3315.20    0.02    0.78 100.00
nvme0n4          0.00      0.00     0.00   0.00    0.00     0.00    0.00      0.00     0.00   0.00    0.00     0.00    0.00      0.00     0.00   0.00    0.00     0.00    0.00    0.00    0.00   0.00
sda              0.00      0.00     0.00   0.00    0.00     0.00    7.00     33.60     0.60   7.89    4.09     4.80    0.00      0.00     0.00   0.00    0.00     0.00    0.40    0.00    0.03   0.60


avg-cpu:  %user   %nice %system %iowait  %steal   %idle
           0.00    0.00    8.15    3.77    0.00   88.08

Device            r/s     rkB/s   rrqm/s  %rrqm r_await rareq-sz     w/s     wkB/s   wrqm/s  %wrqm w_await wareq-sz     d/s     dkB/s   drqm/s  %drqm d_await dareq-sz     f/s f_await  aqu-sz  %util
nvme0n1          0.00      0.00     0.00   0.00    0.00     0.00 11172.80  60461.60    26.60   0.24    0.08     5.41    0.00      0.00     0.00   0.00    0.00     0.00 3332.40    0.03    0.97 100.00
nvme0n2          0.00      0.00     0.00   0.00    0.00     0.00    0.00      0.00     0.00   0.00    0.00     0.00    0.00      0.00     0.00   0.00    0.00     0.00    0.00    0.00    0.00   0.00
nvme0n3          0.00      0.00     0.00   0.00    0.00     0.00 6903.60 177136.00 37379.60  84.41    0.10    25.66    0.00      0.00     0.00   0.00    0.00     0.00 3451.40    0.02    0.79 100.00
nvme0n4          0.00      0.00     0.00   0.00    0.00     0.00    0.00      0.00     0.00   0.00    0.00     0.00    0.00      0.00     0.00   0.00    0.00     0.00    0.00    0.00    0.00   0.00
sda              0.00      0.00     0.00   0.00    0.00     0.00    0.40      4.00     0.20  33.33    1.50    10.00    0.00      0.00     0.00   0.00    0.00     0.00    0.40    0.00    0.00   0.12


avg-cpu:  %user   %nice %system %iowait  %steal   %idle
           0.00    0.00    8.21    3.37    0.00   88.42

Device            r/s     rkB/s   rrqm/s  %rrqm r_await rareq-sz     w/s     wkB/s   wrqm/s  %wrqm w_await wareq-sz     d/s     dkB/s   drqm/s  %drqm d_await dareq-sz     f/s f_await  aqu-sz  %util
nvme0n1          0.00      0.00     0.00   0.00    0.00     0.00 10983.00  59068.00    27.80   0.25    0.08     5.38    0.00      0.00     0.00   0.00    0.00     0.00 3263.00    0.03    0.96 100.00
nvme0n2          0.00      0.00     0.00   0.00    0.00     0.00    0.00      0.00     0.00   0.00    0.00     0.00    0.00      0.00     0.00   0.00    0.00     0.00    0.00    0.00    0.00   0.00
nvme0n3          0.00      0.00     0.00   0.00    0.00     0.00 6673.00 171772.80 36272.00  84.46    0.11    25.74    0.00      0.00     0.00   0.00    0.00     0.00 3336.20    0.02    0.78 100.00
nvme0n4          0.00      0.00     0.00   0.00    0.00     0.00    0.00      0.00     0.00   0.00    0.00     0.00    0.00      0.00     0.00   0.00    0.00     0.00    0.00    0.00    0.00   0.00
sda              0.00      0.00     0.00   0.00    0.00     0.00    1.60      8.80     1.20  42.86    5.38     5.50    0.00      0.00     0.00   0.00    0.00     0.00    0.40    0.00    0.01   0.80


avg-cpu:  %user   %nice %system %iowait  %steal   %idle
           0.00    0.00    7.90    3.39    0.00   88.71

Device            r/s     rkB/s   rrqm/s  %rrqm r_await rareq-sz     w/s     wkB/s   wrqm/s  %wrqm w_await wareq-sz     d/s     dkB/s   drqm/s  %drqm d_await dareq-sz     f/s f_await  aqu-sz  %util
nvme0n1          0.00      0.00     0.00   0.00    0.00     0.00 11024.20  59592.80    29.00   0.26    0.08     5.41    0.00      0.00     0.00   0.00    0.00     0.00 3259.80    0.03    0.97 100.00
nvme0n2          0.00      0.00     0.00   0.00    0.00     0.00    0.00      0.00     0.00   0.00    0.00     0.00    0.00      0.00     0.00   0.00    0.00     0.00    0.00    0.00    0.00   0.00
nvme0n3          0.00      0.00     0.00   0.00    0.00     0.00 6695.40 173900.00 36777.20  84.60    0.11    25.97    0.00      0.00     0.00   0.00    0.00     0.00 3347.40    0.02    0.78 100.00
nvme0n4          0.00      0.00     0.00   0.00    0.00     0.00    0.00      0.00     0.00   0.00    0.00     0.00    0.00      0.00     0.00   0.00    0.00     0.00    0.00    0.00    0.00   0.00
sda              0.00      0.00     0.00   0.00    0.00     0.00    0.40      5.60     0.20  33.33   15.50    14.00    0.00      0.00     0.00   0.00    0.00     0.00    0.40    0.00    0.01   0.74


avg-cpu:  %user   %nice %system %iowait  %steal   %idle
           0.00    0.00    8.02    3.70    0.00   88.28

Device            r/s     rkB/s   rrqm/s  %rrqm r_await rareq-sz     w/s     wkB/s   wrqm/s  %wrqm w_await wareq-sz     d/s     dkB/s   drqm/s  %drqm d_await dareq-sz     f/s f_await  aqu-sz  %util
nvme0n1          0.00      0.00     0.00   0.00    0.00     0.00 11194.80  60176.00    34.40   0.31    0.08     5.38    0.00      0.00     0.00   0.00    0.00     0.00 3345.20    0.03    0.99 100.00
nvme0n2          0.00      0.00     0.00   0.00    0.00     0.00    0.00      0.00     0.00   0.00    0.00     0.00    0.00      0.00     0.00   0.00    0.00     0.00    0.00    0.00    0.00   0.00
nvme0n3          0.00      0.00     0.00   0.00    0.00     0.00 6830.00 176381.60 37265.40  84.51    0.10    25.82    0.00      0.00     0.00   0.00    0.00     0.00 3414.80    0.02    0.78 100.00
nvme0n4          0.00      0.00     0.00   0.00    0.00     0.00    0.00      0.00     0.00   0.00    0.00     0.00    0.00      0.00     0.00   0.00    0.00     0.00    0.00    0.00    0.00   0.00
sda              0.00      0.00     0.00   0.00    0.00     0.00    0.60      3.20     0.20  25.00   23.00     5.33    0.00      0.00     0.00   0.00    0.00     0.00    0.40    0.00    0.01   1.54


avg-cpu:  %user   %nice %system %iowait  %steal   %idle
           0.01    0.00    8.22    3.96    0.00   87.81

Device            r/s     rkB/s   rrqm/s  %rrqm r_await rareq-sz     w/s     wkB/s   wrqm/s  %wrqm w_await wareq-sz     d/s     dkB/s   drqm/s  %drqm d_await dareq-sz     f/s f_await  aqu-sz  %util
nvme0n1          0.00      0.00     0.00   0.00    0.00     0.00 11306.20  60766.40    45.00   0.40    0.08     5.37    0.00      0.00     0.00   0.00    0.00     0.00 3405.40    0.03    1.03 100.00
nvme0n2          0.00      0.00     0.00   0.00    0.00     0.00    0.00      0.00     0.00   0.00    0.00     0.00    0.00      0.00     0.00   0.00    0.00     0.00    0.00    0.00    0.00   0.00
nvme0n3          0.00      0.00     0.00   0.00    0.00     0.00 7000.60 179800.80 37951.20  84.43    0.10    25.68    0.00      0.00     0.00   0.00    0.00     0.00 3499.80    0.02    0.79 100.00
nvme0n4          0.00      0.00     0.00   0.00    0.00     0.00    0.00      0.00     0.00   0.00    0.00     0.00    0.00      0.00     0.00   0.00    0.00     0.00    0.00    0.00    0.00   0.00
sda              0.00      0.00     0.00   0.00    0.00     0.00    0.40      2.40     0.80  66.67   23.50     6.00    0.00      0.00     0.00   0.00    0.00     0.00    0.40    0.50    0.01   1.00


avg-cpu:  %user   %nice %system %iowait  %steal   %idle
           0.01    0.00    7.97    3.71    0.00   88.31

Device            r/s     rkB/s   rrqm/s  %rrqm r_await rareq-sz     w/s     wkB/s   wrqm/s  %wrqm w_await wareq-sz     d/s     dkB/s   drqm/s  %drqm d_await dareq-sz     f/s f_await  aqu-sz  %util
nvme0n1          0.00      0.00     0.00   0.00    0.00     0.00 11119.20  59640.00    21.00   0.19    0.08     5.36    0.00      0.00     0.00   0.00    0.00     0.00 3314.40    0.03    1.00 100.00
nvme0n2          0.00      0.00     0.00   0.00    0.00     0.00    0.00      0.00     0.00   0.00    0.00     0.00    0.00      0.00     0.00   0.00    0.00     0.00    0.00    0.00    0.00   0.00
nvme0n3          0.00      0.00     0.00   0.00    0.00     0.00 6778.20 173840.80 36680.40  84.40    0.11    25.65    0.00      0.00     0.00   0.00    0.00     0.00 3388.80    0.02    0.79 100.00
nvme0n4          0.00      0.00     0.00   0.00    0.00     0.00    0.00      0.00     0.00   0.00    0.00     0.00    0.00      0.00     0.00   0.00    0.00     0.00    0.00    0.00    0.00   0.00
sda              1.00     37.60     0.00   0.00    2.00    37.60   10.60     48.00     1.40  11.67    4.28     4.53    0.00      0.00     0.00   0.00    0.00     0.00    0.40    0.00    0.05   2.40


avg-cpu:  %user   %nice %system %iowait  %steal   %idle
           0.02    0.00    7.85    3.29    0.00   88.84

Device            r/s     rkB/s   rrqm/s  %rrqm r_await rareq-sz     w/s     wkB/s   wrqm/s  %wrqm w_await wareq-sz     d/s     dkB/s   drqm/s  %drqm d_await dareq-sz     f/s f_await  aqu-sz  %util
nvme0n1          0.00      0.00     0.00   0.00    0.00     0.00 10903.40  58870.40    25.80   0.24    0.08     5.40    0.00      0.00     0.00   0.00    0.00     0.00 3243.60    0.03    0.96 100.00
nvme0n2          0.00      0.00     0.00   0.00    0.00     0.00    0.00      0.00     0.00   0.00    0.00     0.00    0.00      0.00     0.00   0.00    0.00     0.00    0.00    0.00    0.00   0.00
nvme0n3          0.00      0.00     0.00   0.00    0.00     0.00 6603.00 169949.60 35884.40  84.46    0.11    25.74    0.00      0.00     0.00   0.00    0.00     0.00 3301.20    0.02    0.78 100.00
nvme0n4          0.00      0.00     0.00   0.00    0.00     0.00    0.00      0.00     0.00   0.00    0.00     0.00    0.00      0.00     0.00   0.00    0.00     0.00    0.00    0.00    0.00   0.00
sda              0.00      0.00     0.00   0.00    0.00     0.00    0.60      7.20     0.80  57.14    1.00    12.00    0.00      0.00     0.00   0.00    0.00     0.00    0.40    0.00    0.00   0.20


avg-cpu:  %user   %nice %system %iowait  %steal   %idle
           0.01    0.00    8.03    3.44    0.00   88.52

Device            r/s     rkB/s   rrqm/s  %rrqm r_await rareq-sz     w/s     wkB/s   wrqm/s  %wrqm w_await wareq-sz     d/s     dkB/s   drqm/s  %drqm d_await dareq-sz     f/s f_await  aqu-sz  %util
nvme0n1          0.00      0.00     0.00   0.00    0.00     0.00 11098.40  59926.40    27.40   0.25    0.08     5.40    0.00      0.00     0.00   0.00    0.00     0.00 3298.00    0.03    0.97 100.00
nvme0n2          0.00      0.00     0.00   0.00    0.00     0.00    0.00      0.00     0.00   0.00    0.00     0.00    0.00      0.00     0.00   0.00    0.00     0.00    0.00    0.00    0.00   0.00
nvme0n3          0.00      0.00     0.00   0.00    0.00     0.00 6694.40 174705.60 36982.00  84.67    0.11    26.10    0.00      0.00     0.00   0.00    0.00     0.00 3346.80    0.02    0.78 100.00
nvme0n4          0.00      0.00     0.00   0.00    0.00     0.00    0.00      0.00     0.00   0.00    0.00     0.00    0.00      0.00     0.00   0.00    0.00     0.00    0.00    0.00    0.00   0.00
sda              0.00      0.00     0.00   0.00    0.00     0.00   10.00     46.40     0.80   7.41   16.00     4.64    0.00      0.00     0.00   0.00    0.00     0.00    0.40    0.00    0.16   0.66


avg-cpu:  %user   %nice %system %iowait  %steal   %idle
           0.01    0.00    8.15    3.74    0.00   88.10

Device            r/s     rkB/s   rrqm/s  %rrqm r_await rareq-sz     w/s     wkB/s   wrqm/s  %wrqm w_await wareq-sz     d/s     dkB/s   drqm/s  %drqm d_await dareq-sz     f/s f_await  aqu-sz  %util
nvme0n1          0.00      0.00     0.00   0.00    0.00     0.00 11231.40  60380.80    24.60   0.22    0.08     5.38    0.00      0.00     0.00   0.00    0.00     0.00 3353.80    0.03    0.97 100.00
nvme0n2          0.00      0.00     0.00   0.00    0.00     0.00    0.00      0.00     0.00   0.00    0.00     0.00    0.00      0.00     0.00   0.00    0.00     0.00    0.00    0.00    0.00   0.00
nvme0n3          0.00      0.00     0.00   0.00    0.00     0.00 6789.00 177587.20 37607.80  84.71    0.10    26.16    0.00      0.00     0.00   0.00    0.00     0.00 3394.20    0.02    0.78 100.00
nvme0n4          0.00      0.00     0.00   0.00    0.00     0.00    0.00      0.00     0.00   0.00    0.00     0.00    0.00      0.00     0.00   0.00    0.00     0.00    0.00    0.00    0.00   0.00
sda              0.00      0.00     0.00   0.00    0.00     0.00    2.40     14.40     1.40  36.84    4.08     6.00    0.00      0.00     0.00   0.00    0.00     0.00    0.40    0.00    0.01   0.94


avg-cpu:  %user   %nice %system %iowait  %steal   %idle
           0.00    0.00    7.97    3.64    0.00   88.40

Device            r/s     rkB/s   rrqm/s  %rrqm r_await rareq-sz     w/s     wkB/s   wrqm/s  %wrqm w_await wareq-sz     d/s     dkB/s   drqm/s  %drqm d_await dareq-sz     f/s f_await  aqu-sz  %util
nvme0n1          0.00      0.00     0.00   0.00    0.00     0.00 11159.60  60184.80    31.80   0.28    0.08     5.39    0.00      0.00     0.00   0.00    0.00     0.00 3332.20    0.03    1.00 100.00
nvme0n2          0.00      0.00     0.00   0.00    0.00     0.00    0.00      0.00     0.00   0.00    0.00     0.00    0.00      0.00     0.00   0.00    0.00     0.00    0.00    0.00    0.00   0.00
nvme0n3          0.00      0.00     0.00   0.00    0.00     0.00 6802.60 175962.40 37191.20  84.54    0.10    25.87    0.00      0.00     0.00   0.00    0.00     0.00 3401.00    0.02    0.79 100.00
nvme0n4          0.00      0.00     0.00   0.00    0.00     0.00    0.00      0.00     0.00   0.00    0.00     0.00    0.00      0.00     0.00   0.00    0.00     0.00    0.00    0.00    0.00   0.00
sda              0.00      0.00     0.00   0.00    0.00     0.00    0.40      6.40     0.60  60.00   48.00    16.00    0.00      0.00     0.00   0.00    0.00     0.00    0.40    0.00    0.02   2.00


avg-cpu:  %user   %nice %system %iowait  %steal   %idle
           0.00    0.00    8.09    3.51    0.00   88.40

Device            r/s     rkB/s   rrqm/s  %rrqm r_await rareq-sz     w/s     wkB/s   wrqm/s  %wrqm w_await wareq-sz     d/s     dkB/s   drqm/s  %drqm d_await dareq-sz     f/s f_await  aqu-sz  %util
nvme0n1          0.00      0.00     0.00   0.00    0.00     0.00 11241.80  60347.20    39.00   0.35    0.08     5.37    0.00      0.00     0.00   0.00    0.00     0.00 3392.20    0.03    0.99 100.00
nvme0n2          0.00      0.00     0.00   0.00    0.00     0.00    0.00      0.00     0.00   0.00    0.00     0.00    0.00      0.00     0.00   0.00    0.00     0.00    0.00    0.00    0.00   0.00
nvme0n3          0.00      0.00     0.00   0.00    0.00     0.00 6834.80 178960.80 37904.40  84.72    0.11    26.18    0.00      0.00     0.00   0.00    0.00     0.00 3417.00    0.02    0.80 100.00
nvme0n4          0.00      0.00     0.00   0.00    0.00     0.00    0.00      0.00     0.00   0.00    0.00     0.00    0.00      0.00     0.00   0.00    0.00     0.00    0.00    0.00    0.00   0.00
sda              0.00      0.00     0.00   0.00    0.00     0.00    7.80     35.20     0.20   2.50   17.69     4.51    0.00      0.00     0.00   0.00    0.00     0.00    0.40    0.00    0.14   0.72


avg-cpu:  %user   %nice %system %iowait  %steal   %idle
           0.00    0.00    8.17    3.42    0.00   88.41

Device            r/s     rkB/s   rrqm/s  %rrqm r_await rareq-sz     w/s     wkB/s   wrqm/s  %wrqm w_await wareq-sz     d/s     dkB/s   drqm/s  %drqm d_await dareq-sz     f/s f_await  aqu-sz  %util
nvme0n1          0.00      0.00     0.00   0.00    0.00     0.00 10953.60  58901.60    27.20   0.25    0.08     5.38    0.00      0.00     0.00   0.00    0.00     0.00 3254.20    0.03    0.97 100.00
nvme0n2          0.00      0.00     0.00   0.00    0.00     0.00    0.00      0.00     0.00   0.00    0.00     0.00    0.00      0.00     0.00   0.00    0.00     0.00    0.00    0.00    0.00   0.00
nvme0n3          0.00      0.00     0.00   0.00    0.00     0.00 6866.00 175297.60 36956.20  84.33    0.10    25.53    0.00      0.00     0.00   0.00    0.00     0.00 3432.80    0.02    0.78 100.00
nvme0n4          0.00      0.00     0.00   0.00    0.00     0.00    0.00      0.00     0.00   0.00    0.00     0.00    0.00      0.00     0.00   0.00    0.00     0.00    0.00    0.00    0.00   0.00
sda              0.00      0.00     0.00   0.00    0.00     0.00    0.60      4.00     1.20  66.67   19.67     6.67    0.00      0.00     0.00   0.00    0.00     0.00    0.40    0.00    0.01   1.28


avg-cpu:  %user   %nice %system %iowait  %steal   %idle
           0.01    0.00    7.89    3.87    0.00   88.24

Device            r/s     rkB/s   rrqm/s  %rrqm r_await rareq-sz     w/s     wkB/s   wrqm/s  %wrqm w_await wareq-sz     d/s     dkB/s   drqm/s  %drqm d_await dareq-sz     f/s f_await  aqu-sz  %util
nvme0n1          0.00      0.00     0.00   0.00    0.00     0.00 11198.80  59997.60    29.60   0.26    0.08     5.36    0.00      0.00     0.00   0.00    0.00     0.00 3368.40    0.03    0.98 100.00
nvme0n2          0.00      0.00     0.00   0.00    0.00     0.00    0.00      0.00     0.00   0.00    0.00     0.00    0.00      0.00     0.00   0.00    0.00     0.00    0.00    0.00    0.00   0.00
nvme0n3          0.00      0.00     0.00   0.00    0.00     0.00 6983.40 178858.40 37733.40  84.38    0.10    25.61    0.00      0.00     0.00   0.00    0.00     0.00 3491.20    0.02    0.79 100.00
nvme0n4          0.00      0.00     0.00   0.00    0.00     0.00    0.00      0.00     0.00   0.00    0.00     0.00    0.00      0.00     0.00   0.00    0.00     0.00    0.00    0.00    0.00   0.00
sda              0.40      1.60     0.00   0.00   30.00     4.00    1.60     11.20     0.60  27.27   14.62     7.00    0.00      0.00     0.00   0.00    0.00     0.00    1.20    0.17    0.04   3.00


avg-cpu:  %user   %nice %system %iowait  %steal   %idle
           0.00    0.00    7.82    3.51    0.00   88.67

Device            r/s     rkB/s   rrqm/s  %rrqm r_await rareq-sz     w/s     wkB/s   wrqm/s  %wrqm w_await wareq-sz     d/s     dkB/s   drqm/s  %drqm d_await dareq-sz     f/s f_await  aqu-sz  %util
nvme0n1          0.00      0.00     0.00   0.00    0.00     0.00 11052.40  59482.40    21.20   0.19    0.08     5.38    0.00      0.00     0.00   0.00    0.00     0.00 3299.40    0.03    0.97 100.00
nvme0n2          0.00      0.00     0.00   0.00    0.00     0.00    0.00      0.00     0.00   0.00    0.00     0.00    0.00      0.00     0.00   0.00    0.00     0.00    0.00    0.00    0.00   0.00
nvme0n3          0.00      0.00     0.00   0.00    0.00     0.00 6793.00 174125.60 36736.20  84.39    0.10    25.63    0.00      0.00     0.00   0.00    0.00     0.00 3396.40    0.02    0.78 100.00
nvme0n4          0.00      0.00     0.00   0.00    0.00     0.00    0.00      0.00     0.00   0.00    0.00     0.00    0.00      0.00     0.00   0.00    0.00     0.00    0.00    0.00    0.00   0.00
sda              0.00      0.00     0.00   0.00    0.00     0.00    0.00      0.00     0.20 100.00    0.00     0.00    0.00      0.00     0.00   0.00    0.00     0.00    0.00    0.00    0.00   0.06


avg-cpu:  %user   %nice %system %iowait  %steal   %idle
           0.01    0.00    8.15    3.52    0.00   88.32

Device            r/s     rkB/s   rrqm/s  %rrqm r_await rareq-sz     w/s     wkB/s   wrqm/s  %wrqm w_await wareq-sz     d/s     dkB/s   drqm/s  %drqm d_await dareq-sz     f/s f_await  aqu-sz  %util
nvme0n1          0.00      0.00     0.00   0.00    0.00     0.00 11031.60  59394.40    28.60   0.26    0.08     5.38    0.00      0.00     0.00   0.00    0.00     0.00 3277.00    0.03    0.96 100.00
nvme0n2          0.00      0.00     0.00   0.00    0.00     0.00    0.00      0.00     0.00   0.00    0.00     0.00    0.00      0.00     0.00   0.00    0.00     0.00    0.00    0.00    0.00   0.00
nvme0n3          0.00      0.00     0.00   0.00    0.00     0.00 6730.40 172440.80 36379.80  84.39    0.11    25.62    0.00      0.00     0.00   0.00    0.00     0.00 3364.80    0.02    0.79 100.00
nvme0n4          0.00      0.00     0.00   0.00    0.00     0.00    0.00      0.00     0.00   0.00    0.00     0.00    0.00      0.00     0.00   0.00    0.00     0.00    0.00    0.00    0.00   0.00
sda              0.00      0.00     0.00   0.00    0.00     0.00    0.40      2.40     0.20  33.33   23.50     6.00    0.00      0.00     0.00   0.00    0.00     0.00    0.40    0.00    0.01   1.06


avg-cpu:  %user   %nice %system %iowait  %steal   %idle
           0.01    0.00    7.59    3.51    0.00   88.89

Device            r/s     rkB/s   rrqm/s  %rrqm r_await rareq-sz     w/s     wkB/s   wrqm/s  %wrqm w_await wareq-sz     d/s     dkB/s   drqm/s  %drqm d_await dareq-sz     f/s f_await  aqu-sz  %util
nvme0n1          0.00      0.00     0.00   0.00    0.00     0.00 10936.00  59064.00    29.20   0.27    0.08     5.40    0.00      0.00     0.00   0.00    0.00     0.00 3240.80    0.03    1.00 100.00
nvme0n2          0.00      0.00     0.00   0.00    0.00     0.00    0.00      0.00     0.00   0.00    0.00     0.00    0.00      0.00     0.00   0.00    0.00     0.00    0.00    0.00    0.00   0.00
nvme0n3          0.00      0.00     0.00   0.00    0.00     0.00 6517.40 173264.80 36798.80  84.95    0.11    26.58    0.00      0.00     0.00   0.00    0.00     0.00 3258.40    0.02    0.78 100.00
nvme0n4          0.00      0.00     0.00   0.00    0.00     0.00    0.00      0.00     0.00   0.00    0.00     0.00    0.00      0.00     0.00   0.00    0.00     0.00    0.00    0.00    0.00   0.00
sda              0.00      0.00     0.00   0.00    0.00     0.00   11.60     56.80     1.80  13.43    8.48     4.90    0.00      0.00     0.00   0.00    0.00     0.00    0.80    0.00    0.10   2.08


avg-cpu:  %user   %nice %system %iowait  %steal   %idle
           0.03    0.00    7.87    3.57    0.00   88.53

Device            r/s     rkB/s   rrqm/s  %rrqm r_await rareq-sz     w/s     wkB/s   wrqm/s  %wrqm w_await wareq-sz     d/s     dkB/s   drqm/s  %drqm d_await dareq-sz     f/s f_await  aqu-sz  %util
nvme0n1          0.00      0.00     0.00   0.00    0.00     0.00 11122.60  59574.40    42.00   0.38    0.08     5.36    0.00      0.00     0.00   0.00    0.00     0.00 3329.60    0.03    1.00 100.00
nvme0n2          0.00      0.00     0.00   0.00    0.00     0.00    0.00      0.00     0.00   0.00    0.00     0.00    0.00      0.00     0.00   0.00    0.00     0.00    0.00    0.00    0.00   0.00
nvme0n3          0.00      0.00     0.00   0.00    0.00     0.00 6736.40 171170.40 36056.20  84.26    0.11    25.41    0.00      0.00     0.00   0.00    0.00     0.00 3368.00    0.02    0.79 100.00
nvme0n4          0.00      0.00     0.00   0.00    0.00     0.00    0.00      0.00     0.00   0.00    0.00     0.00    0.00      0.00     0.00   0.00    0.00     0.00    0.00    0.00    0.00   0.00
sda              0.00      0.00     0.00   0.00    0.00     0.00    0.40      5.60     1.00  71.43    0.50    14.00    0.00      0.00     0.00   0.00    0.00     0.00    0.40    0.00    0.00   0.06


avg-cpu:  %user   %nice %system %iowait  %steal   %idle
           0.02    0.00    7.89    3.36    0.00   88.73

Device            r/s     rkB/s   rrqm/s  %rrqm r_await rareq-sz     w/s     wkB/s   wrqm/s  %wrqm w_await wareq-sz     d/s     dkB/s   drqm/s  %drqm d_await dareq-sz     f/s f_await  aqu-sz  %util
nvme0n1          0.00      0.00     0.00   0.00    0.00     0.00 10970.20  59104.80    30.60   0.28    0.08     5.39    0.00      0.00     0.00   0.00    0.00     0.00 3256.40    0.03    0.97 100.00
nvme0n2          0.00      0.00     0.00   0.00    0.00     0.00    0.00      0.00     0.00   0.00    0.00     0.00    0.00      0.00     0.00   0.00    0.00     0.00    0.00    0.00    0.00   0.00
nvme0n3          0.00      0.00     0.00   0.00    0.00     0.00 6671.40 173500.80 36703.80  84.62    0.11    26.01    0.00      0.00     0.00   0.00    0.00     0.00 3335.40    0.02    0.78 100.06
nvme0n4          0.00      0.00     0.00   0.00    0.00     0.00    0.00      0.00     0.00   0.00    0.00     0.00    0.00      0.00     0.00   0.00    0.00     0.00    0.00    0.00    0.00   0.00
sda              0.60      6.40     0.00   0.00    0.33    10.67   13.20     59.20     1.20   8.33   21.74     4.48    0.00      0.00     0.00   0.00    0.00     0.00    0.40    0.00    0.29   0.74


avg-cpu:  %user   %nice %system %iowait  %steal   %idle
           0.00    0.00    8.27    3.52    0.00   88.21

Device            r/s     rkB/s   rrqm/s  %rrqm r_await rareq-sz     w/s     wkB/s   wrqm/s  %wrqm w_await wareq-sz     d/s     dkB/s   drqm/s  %drqm d_await dareq-sz     f/s f_await  aqu-sz  %util
nvme0n1          0.00      0.00     0.00   0.00    0.00     0.00 10952.20  59034.40    24.60   0.22    0.08     5.39    0.00      0.00     0.00   0.00    0.00     0.00 3249.60    0.03    0.96 100.00
nvme0n2          0.00      0.00     0.00   0.00    0.00     0.00    0.00      0.00     0.00   0.00    0.00     0.00    0.00      0.00     0.00   0.00    0.00     0.00    0.00    0.00    0.00   0.00
nvme0n3          0.00      0.00     0.00   0.00    0.00     0.00 6636.40 173041.60 36624.00  84.66    0.11    26.07    0.00      0.00     0.00   0.00    0.00     0.00 3318.00    0.02    0.79  99.94
nvme0n4          0.00      0.00     0.00   0.00    0.00     0.00    0.00      0.00     0.00   0.00    0.00     0.00    0.00      0.00     0.00   0.00    0.00     0.00    0.00    0.00    0.00   0.00
sda              0.00      0.00     0.00   0.00    0.00     0.00    9.40     47.20     1.80  16.07    2.19     5.02    0.00      0.00     0.00   0.00    0.00     0.00    0.40    0.00    0.02   0.06


avg-cpu:  %user   %nice %system %iowait  %steal   %idle
           0.01    0.00    7.88    3.37    0.00   88.74

Device            r/s     rkB/s   rrqm/s  %rrqm r_await rareq-sz     w/s     wkB/s   wrqm/s  %wrqm w_await wareq-sz     d/s     dkB/s   drqm/s  %drqm d_await dareq-sz     f/s f_await  aqu-sz  %util
nvme0n1          0.00      0.00     0.00   0.00    0.00     0.00 11088.20  59707.20    29.80   0.27    0.08     5.38    0.00      0.00     0.00   0.00    0.00     0.00 3301.40    0.03    0.99 100.00
nvme0n2          0.00      0.00     0.00   0.00    0.00     0.00    0.00      0.00     0.00   0.00    0.00     0.00    0.00      0.00     0.00   0.00    0.00     0.00    0.00    0.00    0.00   0.00
nvme0n3          0.00      0.00     0.00   0.00    0.00     0.00 6699.00 171280.00 36123.20  84.36    0.11    25.57    0.00      0.00     0.00   0.00    0.00     0.00 3349.00    0.02    0.78 100.00
nvme0n4          0.00      0.00     0.00   0.00    0.00     0.00    0.00      0.00     0.00   0.00    0.00     0.00    0.00      0.00     0.00   0.00    0.00     0.00    0.00    0.00    0.00   0.00
sda              0.00      0.00     0.00   0.00    0.00     0.00    0.40      4.00     0.60  60.00    1.00    10.00    0.00      0.00     0.00   0.00    0.00     0.00    0.40    0.00    0.00   0.06


avg-cpu:  %user   %nice %system %iowait  %steal   %idle
           0.01    0.00    7.71    3.31    0.00   88.97

Device            r/s     rkB/s   rrqm/s  %rrqm r_await rareq-sz     w/s     wkB/s   wrqm/s  %wrqm w_await wareq-sz     d/s     dkB/s   drqm/s  %drqm d_await dareq-sz     f/s f_await  aqu-sz  %util
nvme0n1          0.00      0.00     0.00   0.00    0.00     0.00 10888.20  58549.60    23.00   0.21    0.08     5.38    0.00      0.00     0.00   0.00    0.00     0.00 3229.60    0.03    0.97 100.00
nvme0n2          0.00      0.00     0.00   0.00    0.00     0.00    0.00      0.00     0.00   0.00    0.00     0.00    0.00      0.00     0.00   0.00    0.00     0.00    0.00    0.00    0.00   0.00
nvme0n3          0.00      0.00     0.00   0.00    0.00     0.00 6536.20 170718.40 36141.00  84.68    0.11    26.12    0.00      0.00     0.00   0.00    0.00     0.00 3268.00    0.02    0.78 100.00
nvme0n4          0.00      0.00     0.00   0.00    0.00     0.00    0.00      0.00     0.00   0.00    0.00     0.00    0.00      0.00     0.00   0.00    0.00     0.00    0.00    0.00    0.00   0.00
sda              0.00      0.00     0.00   0.00    0.00     0.00    0.00      0.00     0.20 100.00    0.00     0.00    0.00      0.00     0.00   0.00    0.00     0.00    0.00    0.00    0.00   0.08


avg-cpu:  %user   %nice %system %iowait  %steal   %idle
           0.01    0.00    8.02    3.39    0.00   88.58

Device            r/s     rkB/s   rrqm/s  %rrqm r_await rareq-sz     w/s     wkB/s   wrqm/s  %wrqm w_await wareq-sz     d/s     dkB/s   drqm/s  %drqm d_await dareq-sz     f/s f_await  aqu-sz  %util
nvme0n1          0.00      0.00     0.00   0.00    0.00     0.00 11060.00  59470.40    24.20   0.22    0.08     5.38    0.00      0.00     0.00   0.00    0.00     0.00 3300.20    0.03    0.96 100.00
nvme0n2          0.00      0.00     0.00   0.00    0.00     0.00    0.00      0.00     0.00   0.00    0.00     0.00    0.00      0.00     0.00   0.00    0.00     0.00    0.00    0.00    0.00   0.00
nvme0n3          0.00      0.00     0.00   0.00    0.00     0.00 6676.00 172825.60 36530.60  84.55    0.11    25.89    0.00      0.00     0.00   0.00    0.00     0.00 3337.60    0.02    0.79 100.00
nvme0n4          0.00      0.00     0.00   0.00    0.00     0.00    0.00      0.00     0.00   0.00    0.00     0.00    0.00      0.00     0.00   0.00    0.00     0.00    0.00    0.00    0.00   0.00
sda              0.00      0.00     0.00   0.00    0.00     0.00    0.60      3.20     0.20  25.00   18.67     5.33    0.00      0.00     0.00   0.00    0.00     0.00    0.40    0.00    0.01   1.26


avg-cpu:  %user   %nice %system %iowait  %steal   %idle
           0.02    0.00    8.22    3.56    0.00   88.20

Device            r/s     rkB/s   rrqm/s  %rrqm r_await rareq-sz     w/s     wkB/s   wrqm/s  %wrqm w_await wareq-sz     d/s     dkB/s   drqm/s  %drqm d_await dareq-sz     f/s f_await  aqu-sz  %util
nvme0n1          0.00      0.00     0.00   0.00    0.00     0.00 11080.80  59565.60    46.40   0.42    0.08     5.38    0.00      0.00     0.00   0.00    0.00     0.00 3310.40    0.03    0.99 100.00
nvme0n2          0.00      0.00     0.00   0.00    0.00     0.00    0.00      0.00     0.00   0.00    0.00     0.00    0.00      0.00     0.00   0.00    0.00     0.00    0.00    0.00    0.00   0.00
nvme0n3          0.00      0.00     0.00   0.00    0.00     0.00 6650.80 174301.60 36925.00  84.74    0.11    26.21    0.00      0.00     0.00   0.00    0.00     0.00 3325.00    0.02    0.78 100.06
nvme0n4          0.00      0.00     0.00   0.00    0.00     0.00    0.00      0.00     0.00   0.00    0.00     0.00    0.00      0.00     0.00   0.00    0.00     0.00    0.00    0.00    0.00   0.00
sda             28.00   2452.00     6.00  17.65    1.67    87.57    1.80      8.80     1.60  47.06   11.11     4.89    0.00      0.00     0.00   0.00    0.00     0.00    0.40    0.00    0.07   5.26

