Linux 5.19.0-rc5-xfstests-perf-00986-g953948f2acf6-dirty (harshads-do-not-delete-3) 	12/19/23 	_x86_64_	(32 CPU)


avg-cpu:  %user   %nice %system %iowait  %steal   %idle
           0.38    0.00    4.21    5.98    0.00   89.42

Device            r/s     rkB/s   rrqm/s  %rrqm r_await rareq-sz     w/s     wkB/s   wrqm/s  %wrqm w_await wareq-sz     d/s     dkB/s   drqm/s  %drqm d_await dareq-sz     f/s f_await  aqu-sz  %util
nvme0n1         38.00    152.00     0.00   0.00    9.07     4.00 17148.20 256468.00 34996.40  67.11    0.10    14.96    0.00      0.00     0.00   0.00    0.00     0.00 2281.60    0.02    2.13  72.86
nvme0n2          0.00      0.00     0.00   0.00    0.00     0.00    0.00      0.00     0.00   0.00    0.00     0.00    0.00      0.00     0.00   0.00    0.00     0.00    0.00    0.00    0.00   0.00
nvme0n3          0.00      0.00     0.00   0.00    0.00     0.00    0.00      0.00     0.00   0.00    0.00     0.00    0.00      0.00     0.00   0.00    0.00     0.00    0.00    0.00    0.00   0.00
nvme0n4          0.00      0.00     0.00   0.00    0.00     0.00    0.00      0.00     0.00   0.00    0.00     0.00    0.00      0.00     0.00   0.00    0.00     0.00    0.00    0.00    0.00   0.00
sda             18.00    552.80    52.40  74.43   10.46    30.71   32.60   7042.40     2.60   7.39   27.01   216.02    0.00      0.00     0.00   0.00    0.00     0.00    0.40    0.00    1.07  10.54


avg-cpu:  %user   %nice %system %iowait  %steal   %idle
           0.55    0.00    5.73    8.04    0.00   85.68

Device            r/s     rkB/s   rrqm/s  %rrqm r_await rareq-sz     w/s     wkB/s   wrqm/s  %wrqm w_await wareq-sz     d/s     dkB/s   drqm/s  %drqm d_await dareq-sz     f/s f_await  aqu-sz  %util
nvme0n1          0.00      0.00     0.00   0.00    0.00     0.00 23373.40 362074.40 51470.00  68.77    0.10    15.49    0.00      0.00     0.00   0.00    0.00     0.00 3097.60    0.02    2.48 100.00
nvme0n2          0.00      0.00     0.00   0.00    0.00     0.00    0.00      0.00     0.00   0.00    0.00     0.00    0.00      0.00     0.00   0.00    0.00     0.00    0.00    0.00    0.00   0.00
nvme0n3          0.00      0.00     0.00   0.00    0.00     0.00    0.00      0.00     0.00   0.00    0.00     0.00    0.00      0.00     0.00   0.00    0.00     0.00    0.00    0.00    0.00   0.00
nvme0n4          0.00      0.00     0.00   0.00    0.00     0.00    0.00      0.00     0.00   0.00    0.00     0.00    0.00      0.00     0.00   0.00    0.00     0.00    0.00    0.00    0.00   0.00
sda              0.00      0.00     0.00   0.00    0.00     0.00    8.20   1484.80     1.20  12.77  145.66   181.07    0.00      0.00     0.00   0.00    0.00     0.00    0.40    0.00    1.19   1.80


avg-cpu:  %user   %nice %system %iowait  %steal   %idle
           0.47    0.00    5.80    8.40    0.00   85.33

Device            r/s     rkB/s   rrqm/s  %rrqm r_await rareq-sz     w/s     wkB/s   wrqm/s  %wrqm w_await wareq-sz     d/s     dkB/s   drqm/s  %drqm d_await dareq-sz     f/s f_await  aqu-sz  %util
nvme0n1          0.00      0.00     0.00   0.00    0.00     0.00 23239.40 357765.60 50642.40  68.55    0.10    15.39    0.00      0.00     0.00   0.00    0.00     0.00 3071.60    0.02    2.49 100.00
nvme0n2          0.00      0.00     0.00   0.00    0.00     0.00    0.00      0.00     0.00   0.00    0.00     0.00    0.00      0.00     0.00   0.00    0.00     0.00    0.00    0.00    0.00   0.00
nvme0n3          0.00      0.00     0.00   0.00    0.00     0.00    0.00      0.00     0.00   0.00    0.00     0.00    0.00      0.00     0.00   0.00    0.00     0.00    0.00    0.00    0.00   0.00
nvme0n4          0.00      0.00     0.00   0.00    0.00     0.00    0.00      0.00     0.00   0.00    0.00     0.00    0.00      0.00     0.00   0.00    0.00     0.00    0.00    0.00    0.00   0.00
sda              0.00      0.00     0.00   0.00    0.00     0.00    0.00      0.00     0.20 100.00    0.00     0.00    0.00      0.00     0.00   0.00    0.00     0.00    0.00    0.00    0.00   0.06


avg-cpu:  %user   %nice %system %iowait  %steal   %idle
           0.40    0.00    5.50    7.04    0.00   87.06

Device            r/s     rkB/s   rrqm/s  %rrqm r_await rareq-sz     w/s     wkB/s   wrqm/s  %wrqm w_await wareq-sz     d/s     dkB/s   drqm/s  %drqm d_await dareq-sz     f/s f_await  aqu-sz  %util
nvme0n1          0.00      0.00     0.00   0.00    0.00     0.00 22041.00 334789.60 46690.60  67.93    0.11    15.19    0.00      0.00     0.00   0.00    0.00     0.00 2850.80    0.02    2.40 100.00
nvme0n2          0.00      0.00     0.00   0.00    0.00     0.00    0.00      0.00     0.00   0.00    0.00     0.00    0.00      0.00     0.00   0.00    0.00     0.00    0.00    0.00    0.00   0.00
nvme0n3          0.00      0.00     0.00   0.00    0.00     0.00    0.00      0.00     0.00   0.00    0.00     0.00    0.00      0.00     0.00   0.00    0.00     0.00    0.00    0.00    0.00   0.00
nvme0n4          0.00      0.00     0.00   0.00    0.00     0.00    0.00      0.00     0.00   0.00    0.00     0.00    0.00      0.00     0.00   0.00    0.00     0.00    0.00    0.00    0.00   0.00
sda              0.00      0.00     0.00   0.00    0.00     0.00    0.40      2.40     0.20  33.33   21.00     6.00    0.00      0.00     0.00   0.00    0.00     0.00    0.40    0.00    0.01   0.86


avg-cpu:  %user   %nice %system %iowait  %steal   %idle
           0.47    0.00    5.30    6.76    0.00   87.47

Device            r/s     rkB/s   rrqm/s  %rrqm r_await rareq-sz     w/s     wkB/s   wrqm/s  %wrqm w_await wareq-sz     d/s     dkB/s   drqm/s  %drqm d_await dareq-sz     f/s f_await  aqu-sz  %util
nvme0n1          0.00      0.00     0.00   0.00    0.00     0.00 21938.60 332217.60 46249.80  67.83    0.11    15.14    0.00      0.00     0.00   0.00    0.00     0.00 2845.60    0.02    2.43 100.00
nvme0n2          0.00      0.00     0.00   0.00    0.00     0.00    0.00      0.00     0.00   0.00    0.00     0.00    0.00      0.00     0.00   0.00    0.00     0.00    0.00    0.00    0.00   0.00
nvme0n3          0.00      0.00     0.00   0.00    0.00     0.00    0.00      0.00     0.00   0.00    0.00     0.00    0.00      0.00     0.00   0.00    0.00     0.00    0.00    0.00    0.00   0.00
nvme0n4          0.00      0.00     0.00   0.00    0.00     0.00    0.00      0.00     0.00   0.00    0.00     0.00    0.00      0.00     0.00   0.00    0.00     0.00    0.00    0.00    0.00   0.00
sda              0.00      0.00     0.00   0.00    0.00     0.00    0.40      2.40     0.20  33.33   21.50     6.00    0.00      0.00     0.00   0.00    0.00     0.00    0.40    0.00    0.01   0.94


avg-cpu:  %user   %nice %system %iowait  %steal   %idle
           0.51    0.00    5.59    7.01    0.00   86.89

Device            r/s     rkB/s   rrqm/s  %rrqm r_await rareq-sz     w/s     wkB/s   wrqm/s  %wrqm w_await wareq-sz     d/s     dkB/s   drqm/s  %drqm d_await dareq-sz     f/s f_await  aqu-sz  %util
nvme0n1          0.00      0.00     0.00   0.00    0.00     0.00 22986.60 350448.80 49100.80  68.11    0.10    15.25    0.00      0.00     0.00   0.00    0.00     0.00 3027.80    0.02    2.45 100.00
nvme0n2          0.00      0.00     0.00   0.00    0.00     0.00    0.00      0.00     0.00   0.00    0.00     0.00    0.00      0.00     0.00   0.00    0.00     0.00    0.00    0.00    0.00   0.00
nvme0n3          0.00      0.00     0.00   0.00    0.00     0.00    0.00      0.00     0.00   0.00    0.00     0.00    0.00      0.00     0.00   0.00    0.00     0.00    0.00    0.00    0.00   0.00
nvme0n4          0.00      0.00     0.00   0.00    0.00     0.00    0.00      0.00     0.00   0.00    0.00     0.00    0.00      0.00     0.00   0.00    0.00     0.00    0.00    0.00    0.00   0.00
sda              0.00      0.00     0.00   0.00    0.00     0.00    1.80     64.80     0.60  25.00   22.00    36.00    0.00      0.00     0.00   0.00    0.00     0.00    0.40    0.50    0.04   1.66


avg-cpu:  %user   %nice %system %iowait  %steal   %idle
           0.54    0.00    5.55    6.40    0.00   87.51

Device            r/s     rkB/s   rrqm/s  %rrqm r_await rareq-sz     w/s     wkB/s   wrqm/s  %wrqm w_await wareq-sz     d/s     dkB/s   drqm/s  %drqm d_await dareq-sz     f/s f_await  aqu-sz  %util
nvme0n1          0.00      0.00     0.00   0.00    0.00     0.00 21675.80 321326.40 43944.00  66.97    0.11    14.82    0.00      0.00     0.00   0.00    0.00     0.00 2784.00    0.03    2.38 100.00
nvme0n2          0.00      0.00     0.00   0.00    0.00     0.00    0.00      0.00     0.00   0.00    0.00     0.00    0.00      0.00     0.00   0.00    0.00     0.00    0.00    0.00    0.00   0.00
nvme0n3          0.00      0.00     0.00   0.00    0.00     0.00    0.00      0.00     0.00   0.00    0.00     0.00    0.00      0.00     0.00   0.00    0.00     0.00    0.00    0.00    0.00   0.00
nvme0n4          0.00      0.00     0.00   0.00    0.00     0.00    0.00      0.00     0.00   0.00    0.00     0.00    0.00      0.00     0.00   0.00    0.00     0.00    0.00    0.00    0.00   0.00
sda              2.40     53.60    11.00  82.09   38.42    22.33    4.40     77.60     1.00  18.52    9.59    17.64    0.00      0.00     0.00   0.00    0.00     0.00    0.40    0.00    0.13   4.88


avg-cpu:  %user   %nice %system %iowait  %steal   %idle
           0.60    0.00    5.42    7.35    0.00   86.63

Device            r/s     rkB/s   rrqm/s  %rrqm r_await rareq-sz     w/s     wkB/s   wrqm/s  %wrqm w_await wareq-sz     d/s     dkB/s   drqm/s  %drqm d_await dareq-sz     f/s f_await  aqu-sz  %util
nvme0n1          0.00      0.00     0.00   0.00    0.00     0.00 22730.20 344206.40 48052.00  67.89    0.11    15.14    0.00      0.00     0.00   0.00    0.00     0.00 2975.60    0.02    2.46 100.00
nvme0n2          0.00      0.00     0.00   0.00    0.00     0.00    0.00      0.00     0.00   0.00    0.00     0.00    0.00      0.00     0.00   0.00    0.00     0.00    0.00    0.00    0.00   0.00
nvme0n3          0.00      0.00     0.00   0.00    0.00     0.00    0.00      0.00     0.00   0.00    0.00     0.00    0.00      0.00     0.00   0.00    0.00     0.00    0.00    0.00    0.00   0.00
nvme0n4          0.00      0.00     0.00   0.00    0.00     0.00    0.00      0.00     0.00   0.00    0.00     0.00    0.00      0.00     0.00   0.00    0.00     0.00    0.00    0.00    0.00   0.00
sda             20.00    504.00    46.20  69.79    7.51    25.20   12.60    112.80     1.20   8.70    5.44     8.95    0.00      0.00     0.00   0.00    0.00     0.00    0.40    0.00    0.22   7.20


avg-cpu:  %user   %nice %system %iowait  %steal   %idle
           0.49    0.00    5.81    7.31    0.00   86.39

Device            r/s     rkB/s   rrqm/s  %rrqm r_await rareq-sz     w/s     wkB/s   wrqm/s  %wrqm w_await wareq-sz     d/s     dkB/s   drqm/s  %drqm d_await dareq-sz     f/s f_await  aqu-sz  %util
nvme0n1          0.00      0.00     0.00   0.00    0.00     0.00 22342.60 339856.00 47542.80  68.03    0.11    15.21    0.00      0.00     0.00   0.00    0.00     0.00 2913.80    0.02    2.43 100.00
nvme0n2          0.00      0.00     0.00   0.00    0.00     0.00    0.00      0.00     0.00   0.00    0.00     0.00    0.00      0.00     0.00   0.00    0.00     0.00    0.00    0.00    0.00   0.00
nvme0n3          0.00      0.00     0.00   0.00    0.00     0.00    0.00      0.00     0.00   0.00    0.00     0.00    0.00      0.00     0.00   0.00    0.00     0.00    0.00    0.00    0.00   0.00
nvme0n4          0.00      0.00     0.00   0.00    0.00     0.00    0.00      0.00     0.00   0.00    0.00     0.00    0.00      0.00     0.00   0.00    0.00     0.00    0.00    0.00    0.00   0.00
sda              0.00      0.00     0.00   0.00    0.00     0.00    1.60     68.00     0.20  11.11    6.00    42.50    0.00      0.00     0.00   0.00    0.00     0.00    0.40    0.00    0.01   0.46


avg-cpu:  %user   %nice %system %iowait  %steal   %idle
           0.53    0.00    5.29    6.24    0.00   87.93

Device            r/s     rkB/s   rrqm/s  %rrqm r_await rareq-sz     w/s     wkB/s   wrqm/s  %wrqm w_await wareq-sz     d/s     dkB/s   drqm/s  %drqm d_await dareq-sz     f/s f_await  aqu-sz  %util
nvme0n1          0.00      0.00     0.00   0.00    0.00     0.00 21172.60 313998.40 42838.60  66.92    0.11    14.83    0.00      0.00     0.00   0.00    0.00     0.00 2673.40    0.03    2.37 100.00
nvme0n2          0.00      0.00     0.00   0.00    0.00     0.00    0.00      0.00     0.00   0.00    0.00     0.00    0.00      0.00     0.00   0.00    0.00     0.00    0.00    0.00    0.00   0.00
nvme0n3          0.00      0.00     0.00   0.00    0.00     0.00    0.00      0.00     0.00   0.00    0.00     0.00    0.00      0.00     0.00   0.00    0.00     0.00    0.00    0.00    0.00   0.00
nvme0n4          0.00      0.00     0.00   0.00    0.00     0.00    0.00      0.00     0.00   0.00    0.00     0.00    0.00      0.00     0.00   0.00    0.00     0.00    0.00    0.00    0.00   0.00
sda              0.00      0.00     0.00   0.00    0.00     0.00    1.60     64.00     0.20  11.11   15.88    40.00    0.00      0.00     0.00   0.00    0.00     0.00    0.40    0.00    0.03   1.34


avg-cpu:  %user   %nice %system %iowait  %steal   %idle
           0.50    0.00    5.49    6.78    0.00   87.22

Device            r/s     rkB/s   rrqm/s  %rrqm r_await rareq-sz     w/s     wkB/s   wrqm/s  %wrqm w_await wareq-sz     d/s     dkB/s   drqm/s  %drqm d_await dareq-sz     f/s f_await  aqu-sz  %util
nvme0n1          0.00      0.00     0.00   0.00    0.00     0.00 21738.00 331867.20 46522.80  68.15    0.11    15.27    0.00      0.00     0.00   0.00    0.00     0.00 2817.20    0.02    2.43 100.00
nvme0n2          0.00      0.00     0.00   0.00    0.00     0.00    0.00      0.00     0.00   0.00    0.00     0.00    0.00      0.00     0.00   0.00    0.00     0.00    0.00    0.00    0.00   0.00
nvme0n3          0.00      0.00     0.00   0.00    0.00     0.00    0.00      0.00     0.00   0.00    0.00     0.00    0.00      0.00     0.00   0.00    0.00     0.00    0.00    0.00    0.00   0.00
nvme0n4          0.00      0.00     0.00   0.00    0.00     0.00    0.00      0.00     0.00   0.00    0.00     0.00    0.00      0.00     0.00   0.00    0.00     0.00    0.00    0.00    0.00   0.00
sda              0.20      0.80     0.00   0.00   15.00     4.00    3.00    120.80     0.60  16.67    4.40    40.27    0.00      0.00     0.00   0.00    0.00     0.00    0.40    0.00    0.02   0.86


avg-cpu:  %user   %nice %system %iowait  %steal   %idle
           0.60    0.00    5.49    7.08    0.00   86.83

Device            r/s     rkB/s   rrqm/s  %rrqm r_await rareq-sz     w/s     wkB/s   wrqm/s  %wrqm w_await wareq-sz     d/s     dkB/s   drqm/s  %drqm d_await dareq-sz     f/s f_await  aqu-sz  %util
nvme0n1          0.00      0.00     0.00   0.00    0.00     0.00 21818.00 326695.20 45107.00  67.40    0.11    14.97    0.00      0.00     0.00   0.00    0.00     0.00 2827.60    0.02    2.42 100.00
nvme0n2          0.00      0.00     0.00   0.00    0.00     0.00    0.00      0.00     0.00   0.00    0.00     0.00    0.00      0.00     0.00   0.00    0.00     0.00    0.00    0.00    0.00   0.00
nvme0n3          0.00      0.00     0.00   0.00    0.00     0.00    0.00      0.00     0.00   0.00    0.00     0.00    0.00      0.00     0.00   0.00    0.00     0.00    0.00    0.00    0.00   0.00
nvme0n4          0.00      0.00     0.00   0.00    0.00     0.00    0.00      0.00     0.00   0.00    0.00     0.00    0.00      0.00     0.00   0.00    0.00     0.00    0.00    0.00    0.00   0.00
sda              0.00      0.00     0.00   0.00    0.00     0.00    1.60     65.60     0.20  11.11    8.12    41.00    0.00      0.00     0.00   0.00    0.00     0.00    0.40    0.00    0.01   1.06


avg-cpu:  %user   %nice %system %iowait  %steal   %idle
           0.45    0.00    5.51    5.55    0.00   88.49

Device            r/s     rkB/s   rrqm/s  %rrqm r_await rareq-sz     w/s     wkB/s   wrqm/s  %wrqm w_await wareq-sz     d/s     dkB/s   drqm/s  %drqm d_await dareq-sz     f/s f_await  aqu-sz  %util
nvme0n1          0.00      0.00     0.00   0.00    0.00     0.00 20477.80 304113.60 41608.40  67.02    0.11    14.85    0.00      0.00     0.00   0.00    0.00     0.00 2586.40    0.03    2.37 100.00
nvme0n2          0.00      0.00     0.00   0.00    0.00     0.00    0.00      0.00     0.00   0.00    0.00     0.00    0.00      0.00     0.00   0.00    0.00     0.00    0.00    0.00    0.00   0.00
nvme0n3          0.00      0.00     0.00   0.00    0.00     0.00    0.00      0.00     0.00   0.00    0.00     0.00    0.00      0.00     0.00   0.00    0.00     0.00    0.00    0.00    0.00   0.00
nvme0n4          0.00      0.00     0.00   0.00    0.00     0.00    0.00      0.00     0.00   0.00    0.00     0.00    0.00      0.00     0.00   0.00    0.00     0.00    0.00    0.00    0.00   0.00
sda              0.00      0.00     0.00   0.00    0.00     0.00    1.80     64.80     0.20  10.00    4.78    36.00    0.00      0.00     0.00   0.00    0.00     0.00    0.40    0.00    0.01   0.68


avg-cpu:  %user   %nice %system %iowait  %steal   %idle
           0.48    0.00    5.59    6.34    0.00   87.59

Device            r/s     rkB/s   rrqm/s  %rrqm r_await rareq-sz     w/s     wkB/s   wrqm/s  %wrqm w_await wareq-sz     d/s     dkB/s   drqm/s  %drqm d_await dareq-sz     f/s f_await  aqu-sz  %util
nvme0n1          0.00      0.00     0.00   0.00    0.00     0.00 21278.20 317773.60 43680.60  67.24    0.11    14.93    0.00      0.00     0.00   0.00    0.00     0.00 2717.60    0.03    2.37 100.00
nvme0n2          0.00      0.00     0.00   0.00    0.00     0.00    0.00      0.00     0.00   0.00    0.00     0.00    0.00      0.00     0.00   0.00    0.00     0.00    0.00    0.00    0.00   0.00
nvme0n3          0.00      0.00     0.00   0.00    0.00     0.00    0.00      0.00     0.00   0.00    0.00     0.00    0.00      0.00     0.00   0.00    0.00     0.00    0.00    0.00    0.00   0.00
nvme0n4          0.00      0.00     0.00   0.00    0.00     0.00    0.00      0.00     0.00   0.00    0.00     0.00    0.00      0.00     0.00   0.00    0.00     0.00    0.00    0.00    0.00   0.00
sda              0.00      0.00     0.00   0.00    0.00     0.00    2.80     71.20     1.60  36.36    9.64    25.43    0.00      0.00     0.00   0.00    0.00     0.00    0.40    0.50    0.03   1.46


avg-cpu:  %user   %nice %system %iowait  %steal   %idle
           0.51    0.00    5.43    7.34    0.00   86.73

Device            r/s     rkB/s   rrqm/s  %rrqm r_await rareq-sz     w/s     wkB/s   wrqm/s  %wrqm w_await wareq-sz     d/s     dkB/s   drqm/s  %drqm d_await dareq-sz     f/s f_await  aqu-sz  %util
nvme0n1          0.00      0.00     0.00   0.00    0.00     0.00 21661.00 326557.60 45345.80  67.67    0.11    15.08    0.00      0.00     0.00   0.00    0.00     0.00 2811.00    0.02    2.42 100.00
nvme0n2          0.00      0.00     0.00   0.00    0.00     0.00    0.00      0.00     0.00   0.00    0.00     0.00    0.00      0.00     0.00   0.00    0.00     0.00    0.00    0.00    0.00   0.00
nvme0n3          0.00      0.00     0.00   0.00    0.00     0.00    0.00      0.00     0.00   0.00    0.00     0.00    0.00      0.00     0.00   0.00    0.00     0.00    0.00    0.00    0.00   0.00
nvme0n4          0.00      0.00     0.00   0.00    0.00     0.00    0.00      0.00     0.00   0.00    0.00     0.00    0.00      0.00     0.00   0.00    0.00     0.00    0.00    0.00    0.00   0.00
sda              0.00      0.00     0.00   0.00    0.00     0.00    1.60     67.20     0.20  11.11    8.12    42.00    0.00      0.00     0.00   0.00    0.00     0.00    0.40    0.00    0.01   1.06


avg-cpu:  %user   %nice %system %iowait  %steal   %idle
           0.44    0.00    5.63    8.19    0.00   85.74

Device            r/s     rkB/s   rrqm/s  %rrqm r_await rareq-sz     w/s     wkB/s   wrqm/s  %wrqm w_await wareq-sz     d/s     dkB/s   drqm/s  %drqm d_await dareq-sz     f/s f_await  aqu-sz  %util
nvme0n1          0.00      0.00     0.00   0.00    0.00     0.00 22978.80 351528.80 49342.20  68.23    0.11    15.30    0.00      0.00     0.00   0.00    0.00     0.00 3037.20    0.02    2.48 100.00
nvme0n2          0.00      0.00     0.00   0.00    0.00     0.00    0.00      0.00     0.00   0.00    0.00     0.00    0.00      0.00     0.00   0.00    0.00     0.00    0.00    0.00    0.00   0.00
nvme0n3          0.00      0.00     0.00   0.00    0.00     0.00    0.00      0.00     0.00   0.00    0.00     0.00    0.00      0.00     0.00   0.00    0.00     0.00    0.00    0.00    0.00   0.00
nvme0n4          0.00      0.00     0.00   0.00    0.00     0.00    0.00      0.00     0.00   0.00    0.00     0.00    0.00      0.00     0.00   0.00    0.00     0.00    0.00    0.00    0.00   0.00
sda              0.00      0.00     0.00   0.00    0.00     0.00    1.60     64.00     0.20  11.11   10.00    40.00    0.00      0.00     0.00   0.00    0.00     0.00    0.40    0.00    0.02   0.40


avg-cpu:  %user   %nice %system %iowait  %steal   %idle
           0.44    0.00    5.65    7.32    0.00   86.60

Device            r/s     rkB/s   rrqm/s  %rrqm r_await rareq-sz     w/s     wkB/s   wrqm/s  %wrqm w_await wareq-sz     d/s     dkB/s   drqm/s  %drqm d_await dareq-sz     f/s f_await  aqu-sz  %util
nvme0n1          0.00      0.00     0.00   0.00    0.00     0.00 22248.60 334283.20 46295.00  67.54    0.11    15.02    0.00      0.00     0.00   0.00    0.00     0.00 2888.40    0.02    2.43 100.00
nvme0n2          0.00      0.00     0.00   0.00    0.00     0.00    0.00      0.00     0.00   0.00    0.00     0.00    0.00      0.00     0.00   0.00    0.00     0.00    0.00    0.00    0.00   0.00
nvme0n3          0.00      0.00     0.00   0.00    0.00     0.00    0.00      0.00     0.00   0.00    0.00     0.00    0.00      0.00     0.00   0.00    0.00     0.00    0.00    0.00    0.00   0.00
nvme0n4          0.00      0.00     0.00   0.00    0.00     0.00    0.00      0.00     0.00   0.00    0.00     0.00    0.00      0.00     0.00   0.00    0.00     0.00    0.00    0.00    0.00   0.00
sda              0.20      0.80     0.00   0.00   13.00     4.00    3.00    120.00     0.80  21.05    7.27    40.00    0.00      0.00     0.00   0.00    0.00     0.00    0.40    0.00    0.02   1.80


avg-cpu:  %user   %nice %system %iowait  %steal   %idle
           0.44    0.00    5.69    5.90    0.00   87.98

Device            r/s     rkB/s   rrqm/s  %rrqm r_await rareq-sz     w/s     wkB/s   wrqm/s  %wrqm w_await wareq-sz     d/s     dkB/s   drqm/s  %drqm d_await dareq-sz     f/s f_await  aqu-sz  %util
nvme0n1          0.00      0.00     0.00   0.00    0.00     0.00 21316.00 314344.00 42752.40  66.73    0.11    14.75    0.00      0.00     0.00   0.00    0.00     0.00 2713.00    0.03    2.37 100.00
nvme0n2          0.00      0.00     0.00   0.00    0.00     0.00    0.00      0.00     0.00   0.00    0.00     0.00    0.00      0.00     0.00   0.00    0.00     0.00    0.00    0.00    0.00   0.00
nvme0n3          0.00      0.00     0.00   0.00    0.00     0.00    0.00      0.00     0.00   0.00    0.00     0.00    0.00      0.00     0.00   0.00    0.00     0.00    0.00    0.00    0.00   0.00
nvme0n4          0.00      0.00     0.00   0.00    0.00     0.00    0.00      0.00     0.00   0.00    0.00     0.00    0.00      0.00     0.00   0.00    0.00     0.00    0.00    0.00    0.00   0.00
sda              0.00      0.00     0.00   0.00    0.00     0.00    1.60     66.40     0.20  11.11   20.50    41.50    0.00      0.00     0.00   0.00    0.00     0.00    0.40    0.00    0.03   1.20


avg-cpu:  %user   %nice %system %iowait  %steal   %idle
           0.46    0.00    5.53    5.84    0.00   88.16

Device            r/s     rkB/s   rrqm/s  %rrqm r_await rareq-sz     w/s     wkB/s   wrqm/s  %wrqm w_await wareq-sz     d/s     dkB/s   drqm/s  %drqm d_await dareq-sz     f/s f_await  aqu-sz  %util
nvme0n1          0.00      0.00     0.00   0.00    0.00     0.00 20967.40 307620.00 41548.00  66.46    0.11    14.67    0.00      0.00     0.00   0.00    0.00     0.00 2641.40    0.03    2.37 100.00
nvme0n2          0.00      0.00     0.00   0.00    0.00     0.00    0.00      0.00     0.00   0.00    0.00     0.00    0.00      0.00     0.00   0.00    0.00     0.00    0.00    0.00    0.00   0.00
nvme0n3          0.00      0.00     0.00   0.00    0.00     0.00    0.00      0.00     0.00   0.00    0.00     0.00    0.00      0.00     0.00   0.00    0.00     0.00    0.00    0.00    0.00   0.00
nvme0n4          0.00      0.00     0.00   0.00    0.00     0.00    0.00      0.00     0.00   0.00    0.00     0.00    0.00      0.00     0.00   0.00    0.00     0.00    0.00    0.00    0.00   0.00
sda              0.00      0.00     0.00   0.00    0.00     0.00    1.60     64.00     0.20  11.11    9.25    40.00    0.00      0.00     0.00   0.00    0.00     0.00    0.40    0.00    0.01   1.00


avg-cpu:  %user   %nice %system %iowait  %steal   %idle
           0.40    0.00    5.71    5.72    0.00   88.18

Device            r/s     rkB/s   rrqm/s  %rrqm r_await rareq-sz     w/s     wkB/s   wrqm/s  %wrqm w_await wareq-sz     d/s     dkB/s   drqm/s  %drqm d_await dareq-sz     f/s f_await  aqu-sz  %util
nvme0n1          0.00      0.00     0.00   0.00    0.00     0.00 20873.40 310658.40 42482.60  67.05    0.11    14.88    0.00      0.00     0.00   0.00    0.00     0.00 2629.20    0.03    2.32 100.00
nvme0n2          0.00      0.00     0.00   0.00    0.00     0.00    0.00      0.00     0.00   0.00    0.00     0.00    0.00      0.00     0.00   0.00    0.00     0.00    0.00    0.00    0.00   0.00
nvme0n3          0.00      0.00     0.00   0.00    0.00     0.00    0.00      0.00     0.00   0.00    0.00     0.00    0.00      0.00     0.00   0.00    0.00     0.00    0.00    0.00    0.00   0.00
nvme0n4          0.00      0.00     0.00   0.00    0.00     0.00    0.00      0.00     0.00   0.00    0.00     0.00    0.00      0.00     0.00   0.00    0.00     0.00    0.00    0.00    0.00   0.00
sda              0.00      0.00     0.00   0.00    0.00     0.00    1.80     64.80     0.80  30.77   38.67    36.00    0.00      0.00     0.00   0.00    0.00     0.00    0.40    0.00    0.07   1.60


avg-cpu:  %user   %nice %system %iowait  %steal   %idle
           0.42    0.00    5.53    7.86    0.00   86.19

Device            r/s     rkB/s   rrqm/s  %rrqm r_await rareq-sz     w/s     wkB/s   wrqm/s  %wrqm w_await wareq-sz     d/s     dkB/s   drqm/s  %drqm d_await dareq-sz     f/s f_await  aqu-sz  %util
nvme0n1          0.00      0.00     0.00   0.00    0.00     0.00 22767.40 346265.60 48512.00  68.06    0.11    15.21    0.00      0.00     0.00   0.00    0.00     0.00 3007.00    0.02    2.48 100.00
nvme0n2          0.00      0.00     0.00   0.00    0.00     0.00    0.00      0.00     0.00   0.00    0.00     0.00    0.00      0.00     0.00   0.00    0.00     0.00    0.00    0.00    0.00   0.00
nvme0n3          0.00      0.00     0.00   0.00    0.00     0.00    0.00      0.00     0.00   0.00    0.00     0.00    0.00      0.00     0.00   0.00    0.00     0.00    0.00    0.00    0.00   0.00
nvme0n4          0.00      0.00     0.00   0.00    0.00     0.00    0.00      0.00     0.00   0.00    0.00     0.00    0.00      0.00     0.00   0.00    0.00     0.00    0.00    0.00    0.00   0.00
sda              0.00      0.00     0.00   0.00    0.00     0.00    2.60     70.40     0.20   7.14    9.92    27.08    0.00      0.00     0.00   0.00    0.00     0.00    0.40    0.00    0.03   0.94


avg-cpu:  %user   %nice %system %iowait  %steal   %idle
           0.39    0.00    5.53    7.02    0.00   87.05

Device            r/s     rkB/s   rrqm/s  %rrqm r_await rareq-sz     w/s     wkB/s   wrqm/s  %wrqm w_await wareq-sz     d/s     dkB/s   drqm/s  %drqm d_await dareq-sz     f/s f_await  aqu-sz  %util
nvme0n1          0.00      0.00     0.00   0.00    0.00     0.00 21921.40 327389.60 45012.80  67.25    0.11    14.93    0.00      0.00     0.00   0.00    0.00     0.00 2811.80    0.02    2.38 100.00
nvme0n2          0.00      0.00     0.00   0.00    0.00     0.00    0.00      0.00     0.00   0.00    0.00     0.00    0.00      0.00     0.00   0.00    0.00     0.00    0.00    0.00    0.00   0.00
nvme0n3          0.00      0.00     0.00   0.00    0.00     0.00    0.00      0.00     0.00   0.00    0.00     0.00    0.00      0.00     0.00   0.00    0.00     0.00    0.00    0.00    0.00   0.00
nvme0n4          0.00      0.00     0.00   0.00    0.00     0.00    0.00      0.00     0.00   0.00    0.00     0.00    0.00      0.00     0.00   0.00    0.00     0.00    0.00    0.00    0.00   0.00
sda              0.00      0.00     0.00   0.00    0.00     0.00    1.60     64.00     0.20  11.11    7.62    40.00    0.00      0.00     0.00   0.00    0.00     0.00    0.40    0.50    0.01   0.86


avg-cpu:  %user   %nice %system %iowait  %steal   %idle
           0.45    0.00    5.62    7.88    0.00   86.05

Device            r/s     rkB/s   rrqm/s  %rrqm r_await rareq-sz     w/s     wkB/s   wrqm/s  %wrqm w_await wareq-sz     d/s     dkB/s   drqm/s  %drqm d_await dareq-sz     f/s f_await  aqu-sz  %util
nvme0n1          0.00      0.00     0.00   0.00    0.00     0.00 22626.69 342971.31 47875.30  67.91    0.11    15.16    0.00      0.00     0.00   0.00    0.00     0.00 2975.50    0.02    2.48 100.06
nvme0n2          0.00      0.00     0.00   0.00    0.00     0.00    0.00      0.00     0.00   0.00    0.00     0.00    0.00      0.00     0.00   0.00    0.00     0.00    0.00    0.00    0.00   0.00
nvme0n3          0.00      0.00     0.00   0.00    0.00     0.00    0.00      0.00     0.00   0.00    0.00     0.00    0.00      0.00     0.00   0.00    0.00     0.00    0.00    0.00    0.00   0.00
nvme0n4          0.00      0.00     0.00   0.00    0.00     0.00    0.00      0.00     0.00   0.00    0.00     0.00    0.00      0.00     0.00   0.00    0.00     0.00    0.00    0.00    0.00   0.00
sda              0.00      0.00     0.00   0.00    0.00     0.00    1.99     68.53     0.80  28.57   21.90    34.40    0.00      0.00     0.00   0.00    0.00     0.00    0.60    0.00    0.04   1.59


avg-cpu:  %user   %nice %system %iowait  %steal   %idle
           0.50    0.00    5.41    7.60    0.00   86.49

Device            r/s     rkB/s   rrqm/s  %rrqm r_await rareq-sz     w/s     wkB/s   wrqm/s  %wrqm w_await wareq-sz     d/s     dkB/s   drqm/s  %drqm d_await dareq-sz     f/s f_await  aqu-sz  %util
nvme0n1          0.00      0.00     0.00   0.00    0.00     0.00 22732.53 355697.99 50762.45  69.07    0.11    15.65    0.00      0.00     0.00   0.00    0.00     0.00 2987.75    0.02    2.48  99.94
nvme0n2          0.00      0.00     0.00   0.00    0.00     0.00    0.00      0.00     0.00   0.00    0.00     0.00    0.00      0.00     0.00   0.00    0.00     0.00    0.00    0.00    0.00   0.00
nvme0n3          0.00      0.00     0.00   0.00    0.00     0.00    0.00      0.00     0.00   0.00    0.00     0.00    0.00      0.00     0.00   0.00    0.00     0.00    0.00    0.00    0.00   0.00
nvme0n4          0.00      0.00     0.00   0.00    0.00     0.00    0.00      0.00     0.00   0.00    0.00     0.00    0.00      0.00     0.00   0.00    0.00     0.00    0.00    0.00    0.00   0.00
sda              0.00      0.00     0.00   0.00    0.00     0.00    1.41     62.65     0.20  12.50   13.00    44.57    0.00      0.00     0.00   0.00    0.00     0.00    0.20    0.00    0.02   0.80


avg-cpu:  %user   %nice %system %iowait  %steal   %idle
           0.46    0.00    5.20    7.00    0.00   87.34

Device            r/s     rkB/s   rrqm/s  %rrqm r_await rareq-sz     w/s     wkB/s   wrqm/s  %wrqm w_await wareq-sz     d/s     dkB/s   drqm/s  %drqm d_await dareq-sz     f/s f_await  aqu-sz  %util
nvme0n1          0.00      0.00     0.00   0.00    0.00     0.00 21642.40 319992.00 43654.20  66.86    0.11    14.79    0.00      0.00     0.00   0.00    0.00     0.00 2785.80    0.03    2.38 100.00
nvme0n2          0.00      0.00     0.00   0.00    0.00     0.00    0.00      0.00     0.00   0.00    0.00     0.00    0.00      0.00     0.00   0.00    0.00     0.00    0.00    0.00    0.00   0.00
nvme0n3          0.00      0.00     0.00   0.00    0.00     0.00    0.00      0.00     0.00   0.00    0.00     0.00    0.00      0.00     0.00   0.00    0.00     0.00    0.00    0.00    0.00   0.00
nvme0n4          0.00      0.00     0.00   0.00    0.00     0.00    0.00      0.00     0.00   0.00    0.00     0.00    0.00      0.00     0.00   0.00    0.00     0.00    0.00    0.00    0.00   0.00
sda              0.00      0.00     0.00   0.00    0.00     0.00    1.60     64.00     0.20  11.11    5.00    40.00    0.00      0.00     0.00   0.00    0.00     0.00    0.40    0.00    0.01   0.68


avg-cpu:  %user   %nice %system %iowait  %steal   %idle
           0.49    0.00    5.39    8.62    0.00   85.51

Device            r/s     rkB/s   rrqm/s  %rrqm r_await rareq-sz     w/s     wkB/s   wrqm/s  %wrqm w_await wareq-sz     d/s     dkB/s   drqm/s  %drqm d_await dareq-sz     f/s f_await  aqu-sz  %util
nvme0n1          0.00      0.00     0.00   0.00    0.00     0.00 22900.20 353569.60 50139.80  68.65    0.11    15.44    0.00      0.00     0.00   0.00    0.00     0.00 3028.00    0.02    2.49 100.00
nvme0n2          0.00      0.00     0.00   0.00    0.00     0.00    0.00      0.00     0.00   0.00    0.00     0.00    0.00      0.00     0.00   0.00    0.00     0.00    0.00    0.00    0.00   0.00
nvme0n3          0.00      0.00     0.00   0.00    0.00     0.00    0.00      0.00     0.00   0.00    0.00     0.00    0.00      0.00     0.00   0.00    0.00     0.00    0.00    0.00    0.00   0.00
nvme0n4          0.00      0.00     0.00   0.00    0.00     0.00    0.00      0.00     0.00   0.00    0.00     0.00    0.00      0.00     0.00   0.00    0.00     0.00    0.00    0.00    0.00   0.00
sda              0.00      0.00     0.00   0.00    0.00     0.00    1.60     64.00     0.20  11.11    2.25    40.00    0.00      0.00     0.00   0.00    0.00     0.00    0.40    0.00    0.00   0.20


avg-cpu:  %user   %nice %system %iowait  %steal   %idle
           0.52    0.00    5.34    8.15    0.00   86.00

Device            r/s     rkB/s   rrqm/s  %rrqm r_await rareq-sz     w/s     wkB/s   wrqm/s  %wrqm w_await wareq-sz     d/s     dkB/s   drqm/s  %drqm d_await dareq-sz     f/s f_await  aqu-sz  %util
nvme0n1          0.00      0.00     0.00   0.00    0.00     0.00 23223.00 358079.20 50679.40  68.58    0.11    15.42    0.00      0.00     0.00   0.00    0.00     0.00 3091.20    0.02    2.52 100.00
nvme0n2          0.00      0.00     0.00   0.00    0.00     0.00    0.00      0.00     0.00   0.00    0.00     0.00    0.00      0.00     0.00   0.00    0.00     0.00    0.00    0.00    0.00   0.00
nvme0n3          0.00      0.00     0.00   0.00    0.00     0.00    0.00      0.00     0.00   0.00    0.00     0.00    0.00      0.00     0.00   0.00    0.00     0.00    0.00    0.00    0.00   0.00
nvme0n4          0.00      0.00     0.00   0.00    0.00     0.00    0.00      0.00     0.00   0.00    0.00     0.00    0.00      0.00     0.00   0.00    0.00     0.00    0.00    0.00    0.00   0.00
sda              0.00      0.00     0.00   0.00    0.00     0.00    1.80     64.80     0.80  30.77   35.44    36.00    0.00      0.00     0.00   0.00    0.00     0.00    0.40    0.00    0.06   1.52

