fc stats:
341331 commits (333941 skipped):
	5418 ineligible
	5418 failed
	0 empty
Commit type breakdown:
	341331 fua
	0 fua+preflush
	0 multiblock
341331 numblks
341331 real_numblks
0 flushes
86 avg_commit_time
time breakdown:
	total: 50150918
	begin_time: 694499
	perform_time: 4947251
		lock_updates_time: 1223251
		mark_inodes_committing: 105275
		flush_data_time: 187
		dentry_commit_time: 290373
		write_inodes_time: 815301
		tail_write_time: 1949286
	wait_bufs_time: 43127596
Ineligible reasons:
"Extended attributes changed":	0
"Cross rename":	0
"Journal flag changed":	0
"Insufficient memory":	0
"Swap boot":	0
"Resize":	0
"Dir renamed":	0
"Falloc range op":	0
"Data journalling":	0
fsync: 
0,171323
1,237
2,86
3,52
4,80
5,217
6,344
7,488
8,704
9,779
10,846
11,886
12,875
13,918
14,948
15,1012
16,1005
17,1022
18,1022
19,1027
20,1028
21,987
22,1047
23,1077
24,1076
25,1114
26,1090
27,1105
28,1057
29,1063
30,1098
31,1080
32,1072
33,1158
34,1112
35,1184
36,1165
37,1178
38,1202
39,1165
40,1245
41,1272
42,1205
43,1228
44,1204
45,1309
46,1235
47,1251
48,1247
49,1322
50,1333
51,1343
52,1339
53,1347
54,1392
55,1457
56,1477
57,1676
58,2034
59,2437
60,2581
61,3027
62,3797
63,4478
64,5263
65,5933
66,6801
67,7624
68,8200
69,8440
70,8673
71,8939
72,8969
73,8777
74,8638
75,8492
76,8373
77,8444
78,8418
79,8368
80,8310
81,8165
82,8086
83,8025
84,8126
85,8213
86,8089
87,7867
88,7762
89,7660
90,7746
91,7426
92,7449
93,7099
94,7102
95,6852
96,6472
97,6296
98,6026
99,5612
100,5393
101,5128
102,4891
103,4746
104,4560
105,4329
106,4087
107,3887
108,3600
109,3560
110,3221
111,3041
112,2980
113,2867
114,2699
115,2507
116,2261
117,2222
118,2155
119,1884
120,1878
121,1795
122,1733
123,1586
124,1559
125,1492
126,1369
127,1346
128,1255
129,1193
130,1206
131,1073
132,1065
133,958
134,909
135,900
136,872
137,822
138,827
139,750
140,774
141,696
142,608
143,607
144,565
145,586
146,506
147,538
148,504
149,469
150,469
151,421
152,427
153,428
154,425
155,413
156,373
157,374
158,404
159,327
160,329
161,347
162,322
163,315
164,311
165,273
166,273
167,259
168,240
169,253
170,241
171,227
172,201
173,231
174,207
175,218
176,222
177,183
178,218
179,194
180,169
181,178
182,188
183,184
184,157
185,165
186,153
187,153
188,141
189,163
190,143
191,128
192,131
193,136
194,150
195,147
196,131
197,118
198,137
199,114
200,123
201,114
202,112
203,122
204,95
205,87
206,100
207,102
208,94
209,83
210,85
211,91
212,78
213,65
214,75
215,89
216,69
217,66
218,59
219,86
220,73
221,65
222,73
223,47
224,70
225,63
226,63
227,55
228,46
229,60
230,61
231,52
232,66
233,55
234,47
235,66
236,47
237,50
238,64
239,59
240,58
241,48
242,39
243,34
244,40
245,53
246,39
247,54
248,51
249,50
250,48
251,54
252,48
253,55
254,47
255,51
256,46
257,47
258,47
259,59
260,54
261,55
262,35
263,57
264,48
265,48
266,54
267,52
268,52
269,43
270,52
271,38
272,54
273,43
274,51
275,50
276,43
277,52
278,50
279,53
280,49
281,51
282,36
283,47
284,50
285,52
286,31
287,52
288,51
289,56
290,50
291,37
292,52
293,37
294,46
295,52
296,52
297,47
298,53
299,49
300,53
301,50
302,40
303,45
304,52
305,57
306,48
307,38
308,43
309,54
310,51
311,41
312,45
313,43
314,44
315,40
316,45
317,53
318,40
319,43
320,49
321,45
322,39
323,48
324,49
325,49
326,38
327,32
328,59
329,36
330,37
331,36
332,29
333,38
334,41
335,37
336,39
337,36
338,39
339,38
340,34
341,34
342,23
343,33
344,33
345,36
346,37
347,30
348,21
349,18
350,31
351,25
352,27
353,33
354,23
355,32
356,19
357,33
358,32
359,25
360,28
361,21
362,26
363,19
364,28
365,14
366,14
367,23
368,24
369,25
370,19
371,23
372,19
373,25
374,19
375,20
376,29
377,19
378,21
379,22
380,20
381,10
382,20
383,17
384,19
385,11
386,17
387,16
388,17
389,12
390,15
391,12
392,14
393,10
394,11
395,13
396,13
397,15
398,10
399,12
400,11
401,11
402,13
403,10
404,13
405,12
406,10
407,18
408,16
409,10
410,18
411,9
412,9
413,11
414,14
415,11
416,9
417,13
418,7
419,12
420,13
421,11
422,7
423,10
424,8
425,8
426,9
427,9
428,12
429,11
430,5
431,12
432,6
433,11
434,7
435,16
436,12
437,9
438,5
439,11
440,5
441,9
442,10
443,16
444,4
445,6
446,8
447,10
448,10
449,15
450,12
451,10
452,11
453,8
454,6
455,8
456,17
457,13
458,7
459,12
460,11
461,12
462,9
463,11
464,14
465,9
466,16
467,11
468,9
469,6
470,17
471,9
472,22
473,11
474,10
475,8
476,8
477,10
478,12
479,11
480,13
481,8
482,11
483,12
484,19
485,8
486,12
487,16
488,19
489,6
490,18
491,14
492,15
493,13
494,11
495,12
496,20
497,16
498,17
499,19
500,21
501,10
502,13
503,14
504,11
505,6
506,14
507,15
508,10
509,21
510,12
511,21
512,14
513,16
514,21
515,18
516,15
517,19
518,22
519,20
520,15
521,20
522,19
523,22
524,19
525,24
526,17
527,18
528,33
529,14
530,29
531,12
532,18
533,16
534,24
535,17
536,18
537,21
538,22
539,25
540,21
541,22
542,23
543,15
544,16
545,28
546,25
547,24
548,25
549,22
550,28
551,25
552,24
553,26
554,25
555,38
556,27
557,29
558,33
559,32
560,27
561,16
562,28
563,32
564,26
565,27
566,25
567,29
568,41
569,27
570,35
571,34
572,26
573,25
574,30
575,32
576,40
577,33
578,30
579,34
580,24
581,33
582,40
583,36
584,35
585,37
586,35
587,34
588,40
589,36
590,43
591,35
592,39
593,34
594,35
595,34
596,40
597,44
598,39
599,41
600,32
601,51
602,42
603,41
604,44
605,43
606,28
607,40
608,36
609,44
610,40
611,41
612,34
613,45
614,47
615,49
616,50
617,43
618,51
619,48
620,44
621,45
622,55
623,39
624,45
625,58
626,49
627,41
628,44
629,55
630,50
631,47
632,56
633,45
634,42
635,48
636,36
637,58
638,49
639,46
640,56
641,39
642,52
643,45
644,51
645,57
646,55
647,43
648,54
649,61
650,41
651,50
652,62
653,41
654,51
655,41
656,53
657,43
658,58
659,47
660,51
661,42
662,54
663,49
664,59
665,39
666,48
667,42
668,49
669,56
670,30
671,56
672,41
673,48
674,59
675,53
676,44
677,41
678,43
679,54
680,37
681,34
682,35
683,41
684,45
685,51
686,46
687,42
688,38
689,31
690,39
691,45
692,44
693,43
694,52
695,45
696,31
697,41
698,41
699,42
700,42
701,30
702,49
703,39
704,31
705,41
706,48
707,28
708,43
709,31
710,31
711,39
712,25
713,33
714,35
715,32
716,47
717,25
718,40
719,23
720,28
721,37
722,32
723,39
724,36
725,34
726,38
727,28
728,29
729,30
730,28
731,29
732,32
733,28
734,43
735,23
736,21
737,26
738,30
739,33
740,22
741,23
742,32
743,21
744,24
745,21
746,25
747,25
748,24
749,20
750,25
751,24
752,28
753,16
754,28
755,20
756,23
757,25
758,16
759,15
760,26
761,23
762,19
763,19
764,26
765,15
766,22
767,17
768,21
769,13
770,12
771,20
772,17
773,11
774,24
775,12
776,16
777,17
778,11
779,19
780,19
781,13
782,8
783,15
784,9
785,15
786,11
787,18
788,13
789,14
790,17
791,13
792,12
793,9
794,13
795,11
796,15
797,14
798,15
799,7
800,12
801,10
802,12
803,10
804,9
805,17
806,10
807,10
808,9
809,9
810,15
811,9
812,15
813,9
814,9
815,14
816,9
817,7
818,7
819,9
820,13
821,10
822,7
823,9
824,10
825,10
826,14
827,10
828,5
829,10
830,12
831,14
832,4
833,9
834,6
835,14
836,8
837,10
838,5
839,12
840,4
841,4
842,8
843,8
844,10
845,13
846,8
847,6
848,6
849,7
850,9
851,10
852,7
853,10
854,2
855,6
856,1
857,5
858,7
859,5
860,7
861,6
862,5
863,8
864,7
865,5
866,8
867,5
868,4
869,6
870,6
871,4
872,7
873,12
874,7
875,4
876,4
877,5
878,7
879,7
880,8
881,7
882,4
883,10
884,4
885,3
886,6
887,3
888,9
889,4
890,3
891,7
892,4
893,1
894,6
895,7
896,5
897,8
898,5
899,11
900,5
901,5
902,3
903,8
904,4
905,8
906,6
907,10
908,7
909,8
910,4
911,1
912,5
913,5
914,5
915,3
916,9
917,1
918,6
919,6
920,8
921,5
922,5
923,5
924,3
925,10
926,7
927,3
928,6
929,6
930,6
931,4
932,6
933,2
934,4
935,8
936,1
937,3
938,5
939,4
940,9
941,4
942,6
943,7
944,4
945,4
946,4
947,5
948,4
949,3
950,2
951,6
952,4
953,5
954,6
955,3
956,2
957,6
958,3
959,2
960,4
961,4
962,6
963,7
964,3
965,5
966,2
967,9
968,6
969,8
970,7
971,1
972,10
973,6
974,4
975,6
976,6
977,4
978,2
979,5
980,4
981,4
982,7
983,4
984,5
985,7
986,7
987,4
988,6
989,4
990,5
991,3
992,4
993,2
994,8
995,6
996,2
997,6
998,6
999,3
1000,2
1001,2
1002,9
1003,3
1004,4
1005,12
1006,7
1007,3
1008,5
1009,2
1010,6
1011,1
1012,4
1013,8
1014,3
1015,8
1016,6
1017,5
1018,10
1019,7
1020,2
1021,2
1022,5
1023,4
1024,2
1025,4
1027,1
1028,2
1029,6
1030,6
1031,5
1032,6
1033,2
1034,7
1035,2
1036,5
1037,8
1038,1
1039,4
1040,6
1041,7
1042,6
1043,8
1044,3
1045,3
1046,1
1047,7
1048,7
1049,3
1050,6
1051,3
1052,3
1053,2
1054,8
1055,3
1056,4
1057,4
1058,4
1059,4
1060,4
1061,2
1062,4
1063,4
1064,4
1065,4
1066,6
1067,4
1068,4
1069,5
1070,2
1071,4
1072,4
1073,2
1074,5
1075,1
1076,4
1077,5
1078,7
1079,1
1080,3
1081,6
1082,2
1083,2
1084,3
1085,2
1086,3
1087,4
1088,4
1089,5
1090,6
1091,7
1092,1
1093,5
1094,6
1095,4
1096,3
1097,3
1098,2
1099,5
1100,5
1101,3
1102,6
1103,4
1104,6
1105,3
1106,3
1107,5
1108,3
1109,5
1110,5
1111,3
1112,7
1113,6
1114,4
1115,4
1116,3
1117,6
1118,6
1119,3
1120,5
1121,3
1122,2
1123,3
1124,4
1125,6
1126,3
1127,4
1128,5
1129,4
1130,2
1131,8
1132,2
1133,6
1134,7
1135,5
1136,4
1137,3
1138,7
1140,5
1141,3
1142,4
1143,2
1144,2
1145,4
1146,2
1147,4
1148,5
1149,3
1150,4
1151,6
1152,8
1153,2
1154,5
1155,3
1156,4
1157,5
1158,7
1159,10
1160,7
1161,1
1162,4
1163,3
1164,3
1165,1
1166,7
1167,6
1168,6
1169,6
1170,1
1171,4
1172,7
1173,6
1174,4
1175,4
1176,3
1177,2
1178,5
1179,6
1180,8
1181,5
1182,5
1183,5
1184,3
1185,7
1186,4
1187,8
1188,6
1189,6
1190,3
1191,4
1192,6
1193,5
1194,8
1195,4
1196,1
1197,2
1198,4
1199,4
1200,5
1201,8
1202,5
1203,2
1204,6
1205,3
1206,5
1207,3
1208,5
1209,2
1210,4
1211,6
1212,3
1213,3
1214,7
1215,3
1216,8
1217,3
1218,9
1219,6
1220,1
1221,4
1222,4
1223,10
1224,5
1225,5
1226,5
1227,5
1228,5
1229,5
1230,5
1231,5
1232,4
1233,8
1234,2
1235,1
1236,6
1237,5
1238,8
1239,8
1240,6
1241,8
1242,5
1243,2
1244,1
1245,3
1246,8
1247,5
1248,1
1249,1
1250,7
1251,6
1252,6
1253,3
1254,7
1255,2
1256,1
1257,3
1258,3
1259,8
1260,3
1261,5
1262,7
1263,4
1264,3
1265,4
1266,8
1267,9
1268,4
1269,2
1270,7
1271,2
1272,3
1273,1
1274,6
1275,4
1276,2
1277,1
1278,2
1279,5
1280,7
1281,5
1282,5
1283,8
1284,9
1285,7
1286,4
1287,3
1288,9
1289,5
1290,2
1291,5
1292,1
1293,3
1294,4
1295,3
1296,6
1297,3
1298,7
1299,5
1300,9
1301,3
1302,8
1303,10
1304,5
1305,4
1306,5
1307,4
1308,6
1309,6
1310,1
1311,3
1312,2
1313,5
1314,6
1315,5
1316,5
1317,4
1318,2
1319,4
1320,7
1321,5
1322,2
1323,5
1324,7
1325,5
1326,7
1327,3
1328,10
1329,4
1330,2
1331,6
1332,3
1334,6
1335,2
1336,5
1337,3
1338,5
1339,7
1340,5
1341,4
1342,3
1343,2
1344,7
1345,3
1346,6
1347,4
1348,3
1349,12
1350,5
1351,6
1352,3
1353,5
1354,8
1355,3
1356,6
1357,5
1358,1
1359,10
1360,4
1361,2
1362,8
1363,3
1364,6
1365,1
1366,4
1367,3
1368,3
1369,4
1370,5
1371,12
1372,4
1373,4
1374,7
1375,8
1376,6
1377,4
1378,4
1379,3
1380,8
1381,4
1382,3
1383,3
1384,4
1385,5
1386,4
1387,3
1388,4
1389,5
1390,6
1391,6
1393,3
1394,6
1395,3
1396,5
1397,7
1398,7
1399,1
1400,4
1401,6
1402,4
1403,5
1405,3
1406,5
1407,4
1408,1
1410,3
1411,3
1412,2
1413,6
1414,4
1415,6
1416,10
1417,2
1418,2
1419,2
1420,5
1421,3
1422,2
1423,3
1424,3
1425,3
1426,2
1427,7
1428,5
1429,3
1430,4
1431,1
1432,3
1433,5
1434,6
1435,6
1436,3
1437,7
1438,2
1439,3
1440,10
1441,8
1442,2
1443,8
1444,6
1445,4
1446,6
1447,6
1448,6
1449,10
1450,7
1451,4
1452,9
1453,5
1454,5
1455,10
1456,7
1457,6
1458,6
1459,7
1460,4
1461,3
1462,4
1463,4
1464,5
1465,2
1466,4
1467,6
1468,5
1469,3
1470,3
1471,4
1472,8
1473,6
1474,5
1475,11
1476,5
1477,6
1478,5
1479,6
1480,3
1481,3
1482,3
1483,3
1484,4
1485,4
1486,3
1487,4
1488,2
1489,2
1490,6
1491,5
1492,6
1493,5
1494,2
1495,3
1496,5
1497,6
1498,7
1499,5
1500,10
1501,6
1502,7
1503,5
1504,3
1505,6
1506,5
1507,7
1508,6
1509,4
1510,6
1511,4
1512,5
1513,5
1514,4
1515,5
1516,3
1517,1
1518,6
1519,1
1520,3
1521,4
1522,2
1523,3
1524,6
1525,5
1526,2
1527,6
1528,4
1529,3
1530,9
1531,3
1532,2
1533,7
1534,3
1535,4
1536,1
1537,6
1538,5
1539,7
1540,6
1541,3
1542,9
1543,2
1544,8
1545,4
1546,4
1547,2
1548,3
1549,3
1550,3
1551,4
1552,3
1553,1
1554,4
1555,5
1556,7
1557,4
1558,4
1559,4
1560,4
1561,3
1562,5
1563,3
1564,9
1565,3
1566,3
1567,1
1568,2
1569,7
1570,5
1571,3
1572,4
1573,4
1574,6
1575,7
1576,7
1577,5
1578,4
1579,2
1580,4
1581,7
1582,7
1583,2
1584,4
1585,1
1586,6
1587,5
1588,7
1589,5
1590,2
1591,2
1592,4
1593,12
1594,7
1595,4
1596,5
1597,3
1598,5
1599,8
1600,4
1601,3
1602,2
1603,6
1604,3
1605,3
1606,3
1607,2
1608,6
1609,5
1610,4
1611,5
1612,9
1613,1
1614,5
1615,10
1616,1
1617,4
1618,4
1619,3
1620,6
1621,4
1622,6
1623,3
1624,5
1625,2
1626,7
1627,2
1628,6
1629,2
1630,4
1631,7
1632,2
1633,7
1634,6
1635,5
1636,4
1637,2
1638,4
1639,4
1640,3
1641,7
1642,4
1643,2
1644,5
1645,5
1646,3
1647,5
1648,7
1649,8
1650,5
1651,2
1652,5
1653,5
1654,3
1655,5
1656,3
1657,6
1658,8
1659,3
1660,3
1661,4
1662,5
1663,8
1664,8
1665,8
1666,11
1667,5
1668,5
1669,4
1670,2
1671,6
1672,4
1673,2
1674,8
1675,5
1676,3
1677,2
1678,4
1679,4
1680,4
1681,5
1682,9
1683,5
1684,3
1685,3
1686,8
1687,3
1688,4
1689,6
1690,5
1691,6
1692,5
1693,3
1694,4
1695,5
1696,7
1697,3
1698,7
1699,5
1700,6
1701,5
1702,3
1703,3
1704,2
1705,3
1706,2
1707,3
1708,5
1709,8
1710,4
1711,8
1712,6
1713,1
1714,7
1715,2
1716,2
1717,7
1718,1
1719,4
1720,5
1721,2
1722,5
1723,4
1724,6
1725,4
1726,2
1727,5
1728,8
1729,5
1730,3
1731,5
1732,3
1733,3
1734,2
1735,3
1736,6
1737,4
1738,5
1739,4
1740,7
1741,3
1742,4
1743,3
1744,3
1745,3
1746,6
1747,5
1748,2
1749,3
1750,3
1751,4
1752,5
1753,3
1754,5
1755,2
1756,6
1757,5
1758,5
1759,7
1760,4
1761,7
1762,5
1763,4
1764,6
1765,7
1766,6
1767,6
1768,6
1769,3
1770,2
1771,7
1772,3
1773,3
1774,3
1775,2
1776,2
1777,5
1778,3
1779,6
1780,5
1781,7
1782,7
1783,2
1784,5
1785,1
1786,2
1787,6
1788,4
1789,8
1790,6
1791,4
1792,4
1793,6
1794,6
1795,3
1796,4
1797,2
1798,8
1799,6
1800,2
1801,3
1802,2
1803,7
1804,8
1805,6
1806,9
1807,7
1808,5
1809,6
1810,4
1811,3
1812,9
1813,2
1814,6
1815,5
1816,3
1817,4
1818,7
1819,7
1820,6
1821,8
1822,4
1823,1
1824,5
1825,5
1826,4
1827,5
1828,4
1829,4
1830,1
1831,6
1832,6
1833,7
1834,5
1835,2
1836,10
1837,5
1838,6
1839,4
1840,2
1841,4
1842,10
1843,8
1844,5
1845,8
1846,11
1847,5
1848,3
1849,12
1850,7
1851,9
1852,4
1853,11
1854,6
1855,5
1856,3
1857,4
1858,10
1859,7
1860,4
1861,3
1862,7
1863,11
1864,3
1865,7
1866,6
1867,5
1868,6
1869,7
1870,8
1871,5
1872,7
1873,4
1874,5
1875,3
1876,6
1877,2
1878,4
1879,3
1880,11
1881,6
1882,5
1883,12
1884,4
1885,4
1886,6
1887,1
1888,7
1889,3
1890,4
1891,2
1892,4
1893,5
1894,6
1895,6
1896,4
1897,6
1898,5
1899,3
1900,8
1901,3
1902,5
1903,6
1904,4
1905,2
1906,3
1907,6
1908,5
1909,4
1910,5
1911,8
1912,3
1913,6
1914,5
1915,5
1916,5
1917,3
1918,10
1919,8
1920,4
1921,7
1922,6
1923,4
1924,8
1925,7
1926,7
1927,6
1928,5
1929,7
1930,7
1931,8
1932,4
1933,5
1934,5
1935,5
1936,10
1937,3
1938,4
1939,6
1940,3
1941,4
1942,3
1943,2
1944,2
1945,6
1946,1
1947,2
1948,4
1949,9
1950,4
1951,7
1952,5
1953,4
1954,3
1955,4
1956,2
1957,6
1958,2
1960,2
1961,4
1962,6
1963,4
1964,3
1965,6
1966,9
1967,5
1968,2
1969,6
1970,5
1971,8
1972,4
1973,5
1974,6
1975,5
1976,5
1977,11
1978,6
1979,6
1980,4
1981,6
1982,9
1983,4
1984,4
1985,8
1986,4
1987,6
1988,5
1989,7
1990,6
1991,5
1992,3
1993,9
1994,6
1995,3
1996,3
1997,10
1998,3
1999,8
2000,5
2001,13
2002,5
2003,5
2004,5
2005,3
2006,3
2007,5
2008,3
2009,7
2010,7
2011,4
2012,6
2013,5
2014,10
2015,3
2016,8
2017,6
2018,7
2019,5
2020,5
2021,4
2022,3
2023,5
2024,5
2025,3
2026,2
2027,4
2028,6
2029,12
2030,3
2031,3
2032,4
2033,8
2034,4
2035,5
2036,4
2037,5
2038,6
2039,7
2040,5
2041,4
2042,7
2043,3
2044,3
2045,6
2046,4
2047,2
2048,4
2049,6
2050,6
2051,6
2052,5
2053,5
2054,6
2055,8
2056,5
2057,10
2058,3
2059,10
2060,6
2061,4
2062,4
2063,7
2064,8
2065,7
2066,7
2067,6
2068,9
2069,3
2070,13
2071,7
2072,2
2073,7
2075,5
2076,4
2077,4
2078,4
2079,7
2080,6
2081,7
2082,9
2083,12
2084,3
2085,6
2086,12
2087,3
2088,11
2089,6
2090,7
2091,4
2092,4
2093,6
2094,7
2095,12
2096,10
2097,7
2098,4
2099,6
2100,5
2101,7
2102,3
2103,7
2104,6
2105,1
2106,6
2107,7
2108,5
2109,8
2110,1
2111,3
2112,4
2113,8
2114,8
2115,5
2116,2
2117,8
2118,3
2119,7
2120,5
2121,11
2122,7
2123,6
2124,10
2125,5
2126,6
2127,4
2128,11
2129,6
2130,6
2131,3
2132,3
2133,6
2134,7
2135,5
2136,5
2137,8
2138,4
2139,7
2140,9
2141,10
2142,6
2143,4
2144,4
2145,4
2146,9
2147,4
2148,7
2149,10
2150,6
2151,7
2152,9
2153,9
2154,6
2155,6
2156,4
2157,10
2158,13
2159,4
2160,9
2161,10
2162,5
2163,6
2164,5
2165,10
2166,13
2167,8
2168,10
2169,7
2170,6
2171,6
2172,7
2173,4
2174,9
2175,10
2176,9
2177,8
2178,8
2179,2
2180,7
2181,4
2182,12
2183,2
2184,9
2185,6
2186,11
2187,6
2188,5
2189,4
2190,5
2191,6
2192,4
2193,3
2194,5
2195,6
2196,10
2197,8
2198,8
2199,5
2200,9
2201,5
2202,5
2203,7
2204,9
2205,7
2206,8
2207,4
2208,9
2209,11
2210,10
2211,2
2212,3
2213,6
2214,10
2215,4
2216,7
2217,3
2218,5
2219,6
2220,4
2221,8
2222,4
2223,14
2224,4
2225,4
2226,8
2227,7
2228,12
2229,8
2230,4
2231,8
2232,4
2233,9
2234,5
2235,5
2236,7
2237,5
2238,5
2239,8
2240,7
2241,9
2242,9
2243,7
2244,9
2245,7
2246,9
2247,8
2248,1
2249,12
2250,8
2251,8
2252,11
2253,6
2254,5
2255,9
2256,10
2257,8
2258,9
2259,8
2260,4
2261,5
2262,5
2263,8
2264,9
2265,7
2266,11
2267,10
2268,8
2269,13
2270,9
2271,7
2272,7
2273,8
2274,6
2275,6
2276,7
2277,5
2278,4
2279,6
2280,6
2281,6
2282,7
2283,7
2284,3
2285,7
2286,11
2287,8
2288,10
2289,11
2290,12
2291,12
2292,5
2293,14
2294,10
2295,12
2296,7
2297,4
2298,7
2299,5
2300,4
2301,3
2302,9
2303,4
2304,6
2305,4
2306,11
2307,9
2308,6
2309,10
2310,16
2311,5
2312,11
2313,6
2314,5
2315,12
2316,8
2317,8
2318,7
2319,14
2320,7
2321,4
2322,7
2323,10
2324,7
2325,8
2326,10
2327,7
2328,7
2329,6
2330,7
2331,5
2332,5
2333,6
2334,6
2335,13
2336,9
2337,9
2338,12
2339,4
2340,7
2341,7
2342,8
2343,8
2344,7
2345,6
2346,7
2347,10
2348,7
2349,9
2350,9
2351,6
2352,8
2353,6
2354,5
2355,9
2356,8
2357,6
2358,4
2359,10
2360,13
2361,7
2362,7
2363,3
2364,3
2365,8
2366,7
2367,14
2368,14
2369,11
2370,6
2371,8
2372,15
2373,12
2374,7
2375,10
2376,7
2377,8
2378,10
2379,13
2380,13
2381,9
2382,8
2383,7
2384,16
2385,5
2386,12
2387,7
2388,6
2389,11
2390,7
2391,6
2392,13
2393,8
2394,4
2395,11
2396,5
2397,6
2398,12
2399,6
2400,12
2401,6
2402,16
2403,10
2404,11
2405,8
2406,10
2407,1
2408,9
2409,7
2410,8
2411,9
2412,9
2413,4
2414,9
2415,12
2416,12
2417,11
2418,6
2419,11
2420,8
2421,5
2422,8
2423,13
2424,10
2425,10
2426,9
2427,4
2428,7
2429,9
2430,4
2431,14
2432,7
2433,8
2434,11
2435,11
2436,5
2437,10
2438,8
2439,4
2440,5
2441,4
2442,10
2443,10
2444,4
2445,10
2446,6
2447,13
2448,5
2449,5
2450,5
2451,11
2452,5
2453,11
2454,11
2455,10
2456,7
2457,9
2458,4
2459,6
2460,6
2461,6
2462,10
2463,6
2464,10
2465,6
2466,5
2467,4
2468,8
2469,5
2470,13
2471,9
2472,8
2473,6
2474,14
2475,9
2476,6
2477,9
2478,10
2479,14
2480,11
2481,10
2482,14
2483,8
2484,12
2485,8
2486,9
2487,10
2488,13
2489,11
2490,2
2491,15
2492,12
2493,9
2494,7
2495,9
2496,17
2497,6
2498,14
2499,9
2500,7
2501,9
2502,8
2503,14
2504,6
2505,9
2506,10
2507,8
2508,14
2509,9
2510,6
2511,7
2512,8
2513,11
2514,7
2515,11
2516,5
2517,12
2518,11
2519,9
2520,9
2521,8
2522,9
2523,13
2524,6
2525,7
2526,10
2527,7
2528,9
2529,12
2530,12
2531,12
2532,8
2533,11
2534,9
2535,12
2536,6
2537,11
2538,11
2539,8
2540,9
2541,7
2542,9
2543,8
2544,8
2545,8
2546,11
2547,9
2548,15
2549,8
2550,10
2551,12
2552,9
2553,6
2554,9
2555,11
2556,16
2557,7
2558,12
2559,9
2560,7
2561,10
2562,20
2563,12
2564,6
2565,9
2566,8
2567,10
2568,6
2569,15
2570,9
2571,11
2572,5
2573,10
2574,11
2575,11
2576,9
2577,11
2578,12
2579,10
2580,7
2581,7
2582,12
2583,8
2584,5
2585,10
2586,16
2587,8
2588,13
2589,14
2590,8
2591,8
2592,10
2593,7
2594,11
2595,10
2596,9
2597,9
2598,8
2599,8
2600,23
2601,11
2602,14
2603,9
2604,8
2605,9
2606,12
2607,10
2608,9
2609,11
2610,11
2611,14
2612,13
2613,11
2614,11
2615,15
2616,7
2617,8
2618,19
2619,5
2620,14
2621,16
2622,5
2623,10
2624,6
2625,13
2626,7
2627,10
2628,11
2629,10
2630,7
2631,11
2632,7
2633,15
2634,11
2635,10
2636,9
2637,10
2638,12
2639,12
2640,8
2641,6
2642,14
2643,7
2644,7
2645,10
2646,11
2647,16
2648,8
2649,7
2650,9
2651,4
2652,12
2653,14
2654,8
2655,9
2656,12
2657,13
2658,6
2659,11
2660,11
2661,12
2662,12
2663,12
2664,12
2665,7
2666,6
2667,13
2668,8
2669,12
2670,13
2671,10
2672,12
2673,9
2674,8
2675,16
2676,11
2677,17
2678,15
2679,13
2680,10
2681,7
2682,14
2683,7
2684,17
2685,18
2686,12
2687,7
2688,5
2689,10
2690,11
2691,12
2692,8
2693,15
2694,15
2695,16
2696,15
2697,8
2698,9
2699,13
2700,13
2701,10
2702,15
2703,10
2704,14
2705,10
2706,5
2707,9
2708,6
2709,10
2710,14
2711,8
2712,9
2713,7
2714,16
2715,11
2716,11
2717,13
2718,7
2719,10
2720,10
2721,11
2722,7
2723,9
2724,7
2725,14
2726,11
2727,8
2728,15
2729,7
2730,10
2731,9
2732,6
2733,7
2734,11
2735,9
2736,10
2737,12
2738,9
2739,15
2740,11
2741,7
2742,11
2743,9
2744,8
2745,14
2746,10
2747,9
2748,9
2749,13
2750,16
2751,12
2752,7
2753,15
2754,7
2755,13
2756,6
2757,8
2758,16
2759,14
2760,11
2761,11
2762,10
2763,11
2764,16
2765,14
2766,12
2767,8
2768,19
2769,8
2770,10
2771,7
2772,11
2773,12
2774,5
2775,10
2776,10
2777,9
2778,10
2779,15
2780,9
2781,14
2782,10
2783,8
2784,16
2785,15
2786,13
2787,7
2788,10
2789,14
2790,12
2791,10
2792,14
2793,12
2794,11
2795,14
2796,9
2797,9
2798,11
2799,10
2800,7
2801,8
2802,8
2803,10
2804,18
2805,7
2806,6
2807,9
2808,13
2809,15
2810,8
2811,11
2812,12
2813,11
2814,22
2815,16
2816,10
2817,8
2818,6
2819,11
2820,14
2821,9
2822,10
2823,13
2824,11
2825,7
2826,10
2827,9
2828,13
2829,9
2830,15
2831,13
2832,12
2833,7
2834,11
2835,14
2836,16
2837,11
2838,17
2839,9
2840,5
2841,8
2842,9
2843,13
2844,12
2845,4
2846,8
2847,14
2848,8
2849,8
2850,15
2851,9
2852,7
2853,18
2854,14
2855,14
2856,11
2857,7
2858,10
2859,12
2860,8
2861,13
2862,15
2863,10
2864,12
2865,12
2866,14
2867,16
2868,8
2869,13
2870,13
2871,14
2872,10
2873,11
2874,8
2875,9
2876,13
2877,15
2878,10
2879,14
2880,7
2881,10
2882,6
2883,11
2884,5
2885,9
2886,9
2887,12
2888,10
2889,13
2890,16
2891,11
2892,8
2893,15
2894,15
2895,9
2896,14
2897,11
2898,19
2899,15
2900,16
2901,9
2902,12
2903,15
2904,12
2905,13
2906,15
2907,11
2908,8
2909,12
2910,16
2911,12
2912,15
2913,11
2914,9
2915,11
2916,9
2917,14
2918,11
2919,9
2920,15
2921,10
2922,10
2923,9
2924,12
2925,12
2926,15
2927,15
2928,15
2929,7
2930,16
2931,12
2932,16
2933,7
2934,11
2935,11
2936,19
2937,11
2938,19
2939,11
2940,17
2941,12
2942,8
2943,16
2944,17
2945,21
2946,10
2947,10
2948,12
2949,15
2950,12
2951,11
2952,14
2953,10
2954,11
2955,9
2956,15
2957,11
2958,13
2959,11
2960,9
2961,14
2962,10
2963,11
2964,11
2965,13
2966,10
2967,14
2968,8
2969,15
2970,12
2971,7
2972,9
2973,12
2974,16
2975,8
2976,16
2977,11
2978,9
2979,10
2980,10
2981,14
2982,14
2983,10
2984,9
2985,12
2986,9
2987,7
2988,13
2989,14
2990,9
2991,15
2992,16
2993,13
2994,11
2995,15
2996,20
2997,12
2998,9
2999,9
3000,12
3001,11
3002,16
3003,9
3004,10
3005,9
3006,7
3007,10
3008,14
3009,12
3010,10
3011,21
3012,13
3013,14
3014,14
3015,10
3016,9
3017,14
3018,10
3019,6
3020,9
3021,15
3022,12
3023,17
3024,12
3025,13
3026,11
3027,12
3028,7
3029,10
3030,17
3031,10
3032,13
3033,16
3034,13
3035,13
3036,11
3037,14
3038,9
3039,18
3040,9
3041,13
3042,14
3043,10
3044,14
3045,10
3046,19
3047,12
3048,14
3049,12
3050,8
3051,13
3052,9
3053,13
3054,14
3055,13
3056,14
3057,17
3058,11
3059,20
3060,20
3061,11
3062,10
3063,15
3064,21
3065,6
3066,13
3067,15
3068,16
3069,14
3070,15
3071,20
3072,13
3073,12
3074,20
3075,17
3076,14
3077,16
3078,16
3079,15
3080,15
3081,10
3082,14
3083,10
3084,15
3085,10
3086,11
3087,15
3088,13
3089,12
3090,21
3091,8
3092,8
3093,9
3094,12
3095,12
3096,10
3097,12
3098,12
3099,13
3100,22
3101,12
3102,7
3103,9
3104,15
3105,15
3106,19
3107,8
3108,10
3109,6
3110,8
3111,19
3112,13
3113,9
3114,15
3115,11
3116,14
3117,14
3118,9
3119,13
3120,16
3121,18
3122,14
3123,17
3124,9
3125,14
3126,16
3127,19
3128,13
3129,10
3130,13
3131,24
3132,13
3133,11
3134,11
3135,13
3136,21
3137,19
3138,10
3139,16
3140,21
3141,16
3142,12
3143,16
3144,15
3145,14
3146,10
3147,20
3148,16
3149,15
3150,13
3151,10
3152,11
3153,15
3154,14
3155,15
3156,18
3157,10
3158,15
3159,7
3160,15
3161,22
3162,17
3163,14
3164,13
3165,16
3166,21
3167,15
3168,15
3169,15
3170,14
3171,14
3172,13
3173,20
3174,16
3175,18
3176,21
3177,13
3178,16
3179,11
3180,25
3181,12
3182,11
3183,21
3184,11
3185,21
3186,13
3187,19
3188,15
3189,16
3190,16
3191,11
3192,12
3193,17
3194,23
3195,16
3196,13
3197,17
3198,13
3199,20
3200,17
3201,21
3202,14
3203,19
3204,17
3205,20
3206,11
3207,17
3208,19
3209,22
3210,21
3211,18
3212,16
3213,15
3214,14
3215,12
3216,15
3217,17
3218,18
3219,24
3220,18
3221,16
3222,11
3223,19
3224,10
3225,21
3226,19
3227,20
3228,21
3229,15
3230,21
3231,20
3232,16
3233,13
3234,24
3235,21
3236,18
3237,21
3238,17
3239,20
3240,26
3241,9
3242,21
3243,22
3244,18
3245,22
3246,9
3247,23
3248,15
3249,11
3250,8
3251,18
3252,18
3253,15
3254,18
3255,14
3256,24
3257,22
3258,14
3259,15
3260,14
3261,12
3262,18
3263,20
3264,21
3265,20
3266,19
3267,23
3268,18
3269,11
3270,18
3271,17
3272,16
3273,14
3274,17
3275,17
3276,10
3277,20
3278,16
3279,11
3280,20
3281,17
3282,17
3283,18
3284,22
3285,23
3286,25
3287,13
3288,14
3289,23
3290,19
3291,19
3292,14
3293,15
3294,23
3295,24
3296,19
3297,12
3298,17
3299,16
3300,14
3301,12
3302,10
3303,16
3304,11
3305,14
3306,22
3307,20
3308,18
3309,19
3310,18
3311,12
3312,18
3313,15
3314,22
3315,12
3316,15
3317,19
3318,17
3319,18
3320,17
3321,20
3322,16
3323,13
3324,11
3325,18
3326,16
3327,15
3328,11
3329,15
3330,16
3331,17
3332,13
3333,16
3334,16
3335,10
3336,11
3337,20
3338,10
3339,9
3340,19
3341,15
3342,10
3343,17
3344,8
3345,22
3346,14
3347,12
3348,25
3349,12
3350,15
3351,12
3352,12
3353,10
3354,12
3355,17
3356,10
3357,9
3358,21
3359,11
3360,5
3361,13
3362,13
3363,16
3364,6
3365,15
3366,15
3367,13
3368,15
3369,12
3370,14
3371,18
3372,24
3373,23
3374,20
3375,15
3376,22
3377,13
3378,23
3379,12
3380,12
3381,12
3382,26
3383,14
3384,13
3385,14
3386,10
3387,14
3388,14
3389,16
3390,12
3391,13
3392,18
3393,12
3394,22
3395,9
3396,12
3397,14
3398,12
3399,12
3400,14
3401,12
3402,14
3403,13
3404,10
3405,9
3406,11
3407,8
3408,15
3409,15
3410,9
3411,18
3412,14
3413,15
3414,14
3415,14
3416,15
3417,11
3418,13
3419,12
3420,12
3421,12
3422,6
3423,9
3424,6
3425,10
3426,11
3427,8
3428,11
3429,9
3430,8
3431,15
3432,12
3433,10
3434,14
3435,14
3436,14
3437,8
3438,11
3439,11
3440,13
3441,15
3442,12
3443,11
3444,9
3445,16
3446,5
3447,13
3448,7
3449,6
3450,12
3451,11
3452,10
3453,9
3454,11
3455,11
3456,7
3457,19
3458,10
3459,10
3460,13
3461,7
3462,14
3463,9
3464,12
3465,7
3466,14
3467,6
3468,7
3469,17
3470,9
3471,5
3472,5
3473,6
3474,9
3475,7
3476,12
3477,11
3478,6
3479,11
3480,12
3481,8
3482,4
3483,9
3484,13
3485,12
3486,7
3487,13
3488,7
3489,7
3490,3
3491,6
3492,4
3493,8
3494,7
3495,5
3496,8
3497,6
3498,9
3499,9
3500,12
3501,6
3502,7
3503,13
3504,10
3505,4
3506,5
3507,6
3508,11
3509,6
3510,7
3511,8
3512,6
3513,10
3514,4
3515,7
3516,14
3517,11
3518,12
3519,14
3520,10
3521,10
3522,8
3523,6
3524,6
3525,3
3526,6
3527,9
3528,14
3529,11
3530,8
3531,9
3532,4
3533,3
3534,8
3535,8
3536,8
3537,4
3538,4
3539,9
3540,7
3541,4
3542,5
3543,5
3544,7
3545,10
3546,7
3547,3
3548,6
3549,8
3550,6
3551,11
3552,8
3553,5
3554,8
3555,5
3556,8
3557,9
3558,7
3559,13
3560,6
3561,6
3562,7
3563,4
3564,8
3565,3
3566,6
3567,4
3568,5
3569,7
3570,4
3571,5
3572,7
3573,7
3574,9
3575,5
3576,5
3577,5
3578,2
3579,5
3580,6
3581,9
3582,5
3583,2
3584,4
3585,5
3586,4
3587,6
3588,4
3589,6
3590,3
3591,4
3592,2
3593,7
3594,2
3595,8
3596,5
3597,4
3598,4
3599,4
3600,2
3601,4
3602,6
3603,4
3604,4
3605,6
3606,6
3607,3
3608,5
3609,5
3610,6
3611,7
3612,3
3613,5
3614,4
3615,1
3616,6
3617,2
3618,5
3619,8
3620,2
3621,4
3622,8
3623,4
3624,2
3625,8
3626,5
3627,3
3628,6
3629,6
3630,6
3631,6
3632,5
3633,8
3634,2
3635,3
3636,4
3637,2
3638,3
3639,6
3640,2
3641,11
3642,6
3643,2
3644,4
3645,2
3646,6
3647,5
3648,7
3650,11
3651,2
3652,8
3653,3
3654,5
3655,5
3656,2
3657,5
3658,5
3659,3
3660,4
3661,7
3662,7
3663,5
3664,6
3665,4
3666,7
3667,4
3668,3
3669,3
3670,5
3671,3
3672,3
3673,4
3674,2
3675,4
3676,3
3677,5
3678,2
3679,5
3680,5
3681,2
3682,3
3683,4
3684,5
3685,5
3686,5
3687,9
3688,3
3689,5
3690,3
3691,3
3692,1
3693,4
3694,4
3695,6
3696,5
3697,5
3698,4
3699,1
3700,2
3701,5
3702,3
3703,7
3704,2
3706,4
3707,1
3708,3
3709,3
3710,1
3711,5
3712,4
3713,3
3714,4
3715,1
3716,1
3717,1
3718,3
3719,6
3720,3
3721,4
3722,2
3723,3
3724,1
3725,6
3726,4
3727,4
3728,6
3729,2
3730,2
3731,4
3733,3
3734,4
3735,5
3736,3
3737,2
3738,2
3739,4
3740,3
3741,1
3742,2
3743,4
3744,1
3745,4
3746,3
3747,3
3749,2
3750,3
3751,4
3752,4
3753,8
3754,5
3755,4
3756,3
3757,3
3758,4
3759,4
3760,2
3762,2
3763,5
3764,2
3765,7
3766,3
3767,2
3768,2
3769,1
3770,4
3772,2
3773,4
3775,3
3776,4
3777,3
3778,1
3780,5
3781,4
3782,3
3783,2
3784,4
3785,3
3786,2
3787,5
3788,4
3789,1
3790,6
3791,2
3792,1
3793,2
3794,1
3795,6
3796,1
3797,3
3798,2
3799,2
3800,3
3801,1
3802,1
3803,6
3804,1
3805,3
3806,1
3807,5
3808,7
3809,5
3810,2
3811,1
3812,2
3813,7
3814,3
3815,4
3818,3
3819,2
3821,2
3823,3
3824,1
3825,2
3826,4
3828,2
3829,5
3830,3
3831,2
3832,3
3833,4
3835,2
3836,1
3837,3
3838,4
3839,1
3840,2
3841,2
3842,3
3843,3
3844,1
3846,3
3847,1
3848,2
3849,1
3850,2
3852,1
3855,1
3856,3
3857,1
3858,1
3859,4
3860,2
3861,1
3862,1
3863,1
3864,1
3865,2
3867,3
3868,2
3869,1
3870,1
3871,1
3872,3
3873,1
3875,2
3876,3
3877,1
3878,1
3879,1
3880,1
3881,2
3883,3
3886,1
3887,2
3889,3
3890,1
3891,1
3893,3
3894,2
3895,3
3896,1
3898,1
3899,3
3900,1
3901,2
3903,1
3904,1
3905,1
3907,3
3911,1
3912,3
3915,2
3916,3
3917,1
3920,2
3921,2
3929,2
3930,1
3934,2
3935,3
3943,2
3944,1
3945,4
3946,1
3947,1
3948,1
3951,1
3957,2
3958,3
3959,2
3961,1
3964,1
3965,1
3971,2
3972,1
3975,2
3980,3
3984,1
3985,1
3988,3
3989,1
3990,1
3994,1
3995,1
3996,1
4000,2
4003,1
4005,1
4007,3
4008,1
4009,1
4011,2
4012,1
4019,1
4021,1
4022,1
4033,1
4034,1
4036,2
4037,1
4038,2
4040,2
4049,1
4056,1
4059,1
4061,1
4068,1
4069,1
4078,1
4091,1
4093,1
4103,1
4130,1
4171,1
4218,1
4292,1
4325,1
4402,1
4613,1
6126,1
6237,1
6379,1
