Linux 5.19.0-rc5-xfstests-perf-00986-g953948f2acf6-dirty (harshads-do-not-delete-3) 	12/19/23 	_x86_64_	(32 CPU)


avg-cpu:  %user   %nice %system %iowait  %steal   %idle
           0.38    0.00    4.05    4.92    0.00   90.65

Device            r/s     rkB/s   rrqm/s  %rrqm r_await rareq-sz     w/s     wkB/s   wrqm/s  %wrqm w_await wareq-sz     d/s     dkB/s   drqm/s  %drqm d_await dareq-sz     f/s f_await  aqu-sz  %util
nvme0n1          0.80      3.20     0.00   0.00    0.25     4.00 11663.00  87313.60    18.40   0.16    0.11     7.49    0.00      0.00     0.00   0.00    0.00     0.00  470.60    0.03    1.28  74.14
nvme0n2          0.00      0.00     0.00   0.00    0.00     0.00    0.00      0.00     0.00   0.00    0.00     0.00    0.00      0.00     0.00   0.00    0.00     0.00    0.00    0.00    0.00   0.00
nvme0n3          0.00      0.00     0.00   0.00    0.00     0.00 3867.00 206217.60 47693.40  92.50    0.13    53.33    0.00      0.00     0.00   0.00    0.00     0.00 1933.20    0.03    0.55  73.80
nvme0n4          0.00      0.00     0.00   0.00    0.00     0.00    0.00      0.00     0.00   0.00    0.00     0.00    0.00      0.00     0.00   0.00    0.00     0.00    0.00    0.00    0.00   0.00
sda             16.40    510.40    40.20  71.02    8.10    31.12   27.20   6416.00     2.40   8.11   29.49   235.88    0.00      0.00     0.00   0.00    0.00     0.00    0.40    0.00    0.93   7.40


avg-cpu:  %user   %nice %system %iowait  %steal   %idle
           0.49    0.00    5.14    6.88    0.00   87.49

Device            r/s     rkB/s   rrqm/s  %rrqm r_await rareq-sz     w/s     wkB/s   wrqm/s  %wrqm w_await wareq-sz     d/s     dkB/s   drqm/s  %drqm d_await dareq-sz     f/s f_await  aqu-sz  %util
nvme0n1          0.00      0.00     0.00   0.00    0.00     0.00 16078.80 117855.20    23.60   0.15    0.11     7.33    0.00      0.00     0.00   0.00    0.00     0.00  661.60    0.04    1.81 100.00
nvme0n2          0.00      0.00     0.00   0.00    0.00     0.00    0.00      0.00     0.00   0.00    0.00     0.00    0.00      0.00     0.00   0.00    0.00     0.00    0.00    0.00    0.00   0.00
nvme0n3          0.00      0.00     0.00   0.00    0.00     0.00 5378.20 290080.00 67135.80  92.58    0.13    53.94    0.00      0.00     0.00   0.00    0.00     0.00 2688.60    0.02    0.75 100.00
nvme0n4          0.00      0.00     0.00   0.00    0.00     0.00    0.00      0.00     0.00   0.00    0.00     0.00    0.00      0.00     0.00   0.00    0.00     0.00    0.00    0.00    0.00   0.00
sda             21.40    580.80    63.60  74.82    8.81    27.14    7.00   1792.00     1.80  20.45  125.20   256.00    0.00      0.00     0.00   0.00    0.00     0.00    0.00    0.00    1.07   9.34


avg-cpu:  %user   %nice %system %iowait  %steal   %idle
           0.41    0.00    5.58    8.34    0.00   85.67

Device            r/s     rkB/s   rrqm/s  %rrqm r_await rareq-sz     w/s     wkB/s   wrqm/s  %wrqm w_await wareq-sz     d/s     dkB/s   drqm/s  %drqm d_await dareq-sz     f/s f_await  aqu-sz  %util
nvme0n1          0.00      0.00     0.00   0.00    0.00     0.00 16603.80 122640.00    29.00   0.17    0.11     7.39    0.00      0.00     0.00   0.00    0.00     0.00  611.80    0.03    1.86 100.00
nvme0n2          0.00      0.00     0.00   0.00    0.00     0.00    0.00      0.00     0.00   0.00    0.00     0.00    0.00      0.00     0.00   0.00    0.00     0.00    0.00    0.00    0.00   0.00
nvme0n3          0.00      0.00     0.00   0.00    0.00     0.00 5759.20 311544.00 72126.80  92.61    0.12    54.10    0.00      0.00     0.00   0.00    0.00     0.00 2878.80    0.02    0.74 100.00
nvme0n4          0.00      0.00     0.00   0.00    0.00     0.00    0.00      0.00     0.00   0.00    0.00     0.00    0.00      0.00     0.00   0.00    0.00     0.00    0.00    0.00    0.00   0.00
sda              0.00      0.00     0.00   0.00    0.00     0.00   12.80    348.00     1.80  12.33    2.39    27.19    0.20      0.80     0.00   0.00    1.00     4.00    0.40    0.00    0.03   0.40


avg-cpu:  %user   %nice %system %iowait  %steal   %idle
           0.43    0.00    5.31    7.99    0.00   86.28

Device            r/s     rkB/s   rrqm/s  %rrqm r_await rareq-sz     w/s     wkB/s   wrqm/s  %wrqm w_await wareq-sz     d/s     dkB/s   drqm/s  %drqm d_await dareq-sz     f/s f_await  aqu-sz  %util
nvme0n1          0.00      0.00     0.00   0.00    0.00     0.00 16776.40 123462.40    35.20   0.21    0.11     7.36    0.00      0.00     0.00   0.00    0.00     0.00  662.80    0.03    1.84 100.00
nvme0n2          0.00      0.00     0.00   0.00    0.00     0.00    0.00      0.00     0.00   0.00    0.00     0.00    0.00      0.00     0.00   0.00    0.00     0.00    0.00    0.00    0.00   0.00
nvme0n3          0.00      0.00     0.00   0.00    0.00     0.00 5797.40 314009.60 72710.00  92.62    0.12    54.16    0.00      0.00     0.00   0.00    0.00     0.00 2898.00    0.02    0.75 100.00
nvme0n4          0.00      0.00     0.00   0.00    0.00     0.00    0.00      0.00     0.00   0.00    0.00     0.00    0.00      0.00     0.00   0.00    0.00     0.00    0.00    0.00    0.00   0.00
sda              0.40      1.60     0.00   0.00    5.50     4.00   13.40     65.60     0.80   5.63    2.69     4.90    0.00      0.00     0.00   0.00    0.00     0.00    0.40    0.00    0.04   0.60


avg-cpu:  %user   %nice %system %iowait  %steal   %idle
           0.40    0.00    5.30    7.62    0.00   86.68

Device            r/s     rkB/s   rrqm/s  %rrqm r_await rareq-sz     w/s     wkB/s   wrqm/s  %wrqm w_await wareq-sz     d/s     dkB/s   drqm/s  %drqm d_await dareq-sz     f/s f_await  aqu-sz  %util
nvme0n1          0.00      0.00     0.00   0.00    0.00     0.00 16960.00 124474.40    27.80   0.16    0.11     7.34    0.00      0.00     0.00   0.00    0.00     0.00  690.40    0.03    1.90 100.00
nvme0n2          0.00      0.00     0.00   0.00    0.00     0.00    0.00      0.00     0.00   0.00    0.00     0.00    0.00      0.00     0.00   0.00    0.00     0.00    0.00    0.00    0.00   0.00
nvme0n3          0.00      0.00     0.00   0.00    0.00     0.00 5876.00 315924.80 73100.20  92.56    0.12    53.77    0.00      0.00     0.00   0.00    0.00     0.00 2937.20    0.02    0.77 100.00
nvme0n4          0.00      0.00     0.00   0.00    0.00     0.00    0.00      0.00     0.00   0.00    0.00     0.00    0.00      0.00     0.00   0.00    0.00     0.00    0.00    0.00    0.00   0.00
sda              0.20      0.80     0.00   0.00   56.00     4.00    1.80     12.00     0.80  30.77    1.67     6.67    0.00      0.00     0.00   0.00    0.00     0.00    1.40    0.14    0.01   1.60


avg-cpu:  %user   %nice %system %iowait  %steal   %idle
           0.50    0.00    5.42    7.83    0.00   86.24

Device            r/s     rkB/s   rrqm/s  %rrqm r_await rareq-sz     w/s     wkB/s   wrqm/s  %wrqm w_await wareq-sz     d/s     dkB/s   drqm/s  %drqm d_await dareq-sz     f/s f_await  aqu-sz  %util
nvme0n1          0.00      0.00     0.00   0.00    0.00     0.00 16960.20 125096.00    30.60   0.18    0.11     7.38    0.00      0.00     0.00   0.00    0.00     0.00  640.40    0.03    1.86 100.00
nvme0n2          0.00      0.00     0.00   0.00    0.00     0.00    0.00      0.00     0.00   0.00    0.00     0.00    0.00      0.00     0.00   0.00    0.00     0.00    0.00    0.00    0.00   0.00
nvme0n3          0.00      0.00     0.00   0.00    0.00     0.00 5861.40 318879.20 73858.20  92.65    0.12    54.40    0.00      0.00     0.00   0.00    0.00     0.00 2930.00    0.02    0.77 100.00
nvme0n4          0.00      0.00     0.00   0.00    0.00     0.00    0.00      0.00     0.00   0.00    0.00     0.00    0.00      0.00     0.00   0.00    0.00     0.00    0.00    0.00    0.00   0.00
sda              0.00      0.00     0.00   0.00    0.00     0.00    1.80     68.80     1.20  40.00    3.00    38.22    0.00      0.00     0.00   0.00    0.00     0.00    0.40    0.00    0.01   0.20


avg-cpu:  %user   %nice %system %iowait  %steal   %idle
           0.41    0.00    5.16    7.73    0.00   86.70

Device            r/s     rkB/s   rrqm/s  %rrqm r_await rareq-sz     w/s     wkB/s   wrqm/s  %wrqm w_await wareq-sz     d/s     dkB/s   drqm/s  %drqm d_await dareq-sz     f/s f_await  aqu-sz  %util
nvme0n1          0.00      0.00     0.00   0.00    0.00     0.00 17183.20 126737.60    28.00   0.16    0.11     7.38    0.00      0.00     0.00   0.00    0.00     0.00  670.00    0.03    1.86 100.00
nvme0n2          0.00      0.00     0.00   0.00    0.00     0.00    0.00      0.00     0.00   0.00    0.00     0.00    0.00      0.00     0.00   0.00    0.00     0.00    0.00    0.00    0.00   0.00
nvme0n3          0.00      0.00     0.00   0.00    0.00     0.00 5945.20 323505.60 74931.40  92.65    0.12    54.41    0.00      0.00     0.00   0.00    0.00     0.00 2972.00    0.02    0.76 100.00
nvme0n4          0.00      0.00     0.00   0.00    0.00     0.00    0.00      0.00     0.00   0.00    0.00     0.00    0.00      0.00     0.00   0.00    0.00     0.00    0.00    0.00    0.00   0.00
sda              0.00      0.00     0.00   0.00    0.00     0.00    4.40     77.60     0.80  15.38   27.82    17.64    0.00      0.00     0.00   0.00    0.00     0.00    0.40    0.00    0.12   1.52


avg-cpu:  %user   %nice %system %iowait  %steal   %idle
           0.39    0.00    5.06    8.01    0.00   86.54

Device            r/s     rkB/s   rrqm/s  %rrqm r_await rareq-sz     w/s     wkB/s   wrqm/s  %wrqm w_await wareq-sz     d/s     dkB/s   drqm/s  %drqm d_await dareq-sz     f/s f_await  aqu-sz  %util
nvme0n1          0.00      0.00     0.00   0.00    0.00     0.00 16825.00 123560.80    34.60   0.21    0.11     7.34    0.00      0.00     0.00   0.00    0.00     0.00  658.00    0.03    1.90 100.00
nvme0n2          0.00      0.00     0.00   0.00    0.00     0.00    0.00      0.00     0.00   0.00    0.00     0.00    0.00      0.00     0.00   0.00    0.00     0.00    0.00    0.00    0.00   0.00
nvme0n3          0.00      0.00     0.00   0.00    0.00     0.00 5846.60 314879.20 72877.00  92.57    0.12    53.86    0.00      0.00     0.00   0.00    0.00     0.00 2922.60    0.02    0.76 100.06
nvme0n4          0.00      0.00     0.00   0.00    0.00     0.00    0.00      0.00     0.00   0.00    0.00     0.00    0.00      0.00     0.00   0.00    0.00     0.00    0.00    0.00    0.00   0.00
sda              0.00      0.00     0.00   0.00    0.00     0.00    1.60     68.80     1.40  46.67    5.00    43.00    0.00      0.00     0.00   0.00    0.00     0.00    0.40    0.00    0.01   0.54


avg-cpu:  %user   %nice %system %iowait  %steal   %idle
           0.45    0.00    5.28    7.82    0.00   86.45

Device            r/s     rkB/s   rrqm/s  %rrqm r_await rareq-sz     w/s     wkB/s   wrqm/s  %wrqm w_await wareq-sz     d/s     dkB/s   drqm/s  %drqm d_await dareq-sz     f/s f_await  aqu-sz  %util
nvme0n1          0.00      0.00     0.00   0.00    0.00     0.00 16463.00 121423.20    23.00   0.14    0.11     7.38    0.00      0.00     0.00   0.00    0.00     0.00  653.20    0.03    1.87 100.00
nvme0n2          0.00      0.00     0.00   0.00    0.00     0.00    0.00      0.00     0.00   0.00    0.00     0.00    0.00      0.00     0.00   0.00    0.00     0.00    0.00    0.00    0.00   0.00
nvme0n3          0.00      0.00     0.00   0.00    0.00     0.00 5644.60 304952.00 70595.00  92.60    0.12    54.03    0.00      0.00     0.00   0.00    0.00     0.00 2821.60    0.02    0.75 100.00
nvme0n4          0.00      0.00     0.00   0.00    0.00     0.00    0.00      0.00     0.00   0.00    0.00     0.00    0.00      0.00     0.00   0.00    0.00     0.00    0.00    0.00    0.00   0.00
sda              2.00     41.60     0.00   0.00   10.60    20.80    1.40     63.20     1.80  56.25   29.43    45.14    0.00      0.00     0.00   0.00    0.00     0.00    0.00    0.00    0.06   2.46


avg-cpu:  %user   %nice %system %iowait  %steal   %idle
           0.43    0.00    4.97    7.05    0.00   87.55

Device            r/s     rkB/s   rrqm/s  %rrqm r_await rareq-sz     w/s     wkB/s   wrqm/s  %wrqm w_await wareq-sz     d/s     dkB/s   drqm/s  %drqm d_await dareq-sz     f/s f_await  aqu-sz  %util
nvme0n1          0.00      0.00     0.00   0.00    0.00     0.00 16784.00 123348.80    25.00   0.15    0.11     7.35    0.00      0.00     0.00   0.00    0.00     0.00  689.40    0.03    1.85 100.06
nvme0n2          0.00      0.00     0.00   0.00    0.00     0.00    0.00      0.00     0.00   0.00    0.00     0.00    0.00      0.00     0.00   0.00    0.00     0.00    0.00    0.00    0.00   0.00
nvme0n3          0.00      0.00     0.00   0.00    0.00     0.00 5728.80 310430.40 71879.40  92.62    0.13    54.19    0.00      0.00     0.00   0.00    0.00     0.00 2863.80    0.02    0.78 100.00
nvme0n4          0.00      0.00     0.00   0.00    0.00     0.00    0.00      0.00     0.00   0.00    0.00     0.00    0.00      0.00     0.00   0.00    0.00     0.00    0.00    0.00    0.00   0.00
sda              0.00      0.00     0.00   0.00    0.00     0.00    1.80     70.40     0.00   0.00    6.78    39.11    0.00      0.00     0.00   0.00    0.00     0.00    0.40    0.00    0.01   0.88


avg-cpu:  %user   %nice %system %iowait  %steal   %idle
           0.42    0.00    5.27    7.71    0.00   86.61

Device            r/s     rkB/s   rrqm/s  %rrqm r_await rareq-sz     w/s     wkB/s   wrqm/s  %wrqm w_await wareq-sz     d/s     dkB/s   drqm/s  %drqm d_await dareq-sz     f/s f_await  aqu-sz  %util
nvme0n1          0.00      0.00     0.00   0.00    0.00     0.00 16469.80 121669.60    27.40   0.17    0.11     7.39    0.00      0.00     0.00   0.00    0.00     0.00  632.20    0.03    1.85  99.94
nvme0n2          0.00      0.00     0.00   0.00    0.00     0.00    0.00      0.00     0.00   0.00    0.00     0.00    0.00      0.00     0.00   0.00    0.00     0.00    0.00    0.00    0.00   0.00
nvme0n3          0.00      0.00     0.00   0.00    0.00     0.00 5638.80 305213.60 70663.80  92.61    0.12    54.13    0.00      0.00     0.00   0.00    0.00     0.00 2818.60    0.02    0.76 100.00
nvme0n4          0.00      0.00     0.00   0.00    0.00     0.00    0.00      0.00     0.00   0.00    0.00     0.00    0.00      0.00     0.00   0.00    0.00     0.00    0.00    0.00    0.00   0.00
sda              0.00      0.00     0.00   0.00    0.00     0.00   22.00    152.80     0.80   3.51    4.69     6.95    0.00      0.00     0.00   0.00    0.00     0.00    0.40    0.00    0.10   0.60


avg-cpu:  %user   %nice %system %iowait  %steal   %idle
           0.47    0.00    5.33    7.08    0.00   87.12

Device            r/s     rkB/s   rrqm/s  %rrqm r_await rareq-sz     w/s     wkB/s   wrqm/s  %wrqm w_await wareq-sz     d/s     dkB/s   drqm/s  %drqm d_await dareq-sz     f/s f_await  aqu-sz  %util
nvme0n1          0.00      0.00     0.00   0.00    0.00     0.00 16547.40 122117.60    28.80   0.17    0.11     7.38    0.00      0.00     0.00   0.00    0.00     0.00  656.20    0.03    1.82 100.06
nvme0n2          0.00      0.00     0.00   0.00    0.00     0.00    0.00      0.00     0.00   0.00    0.00     0.00    0.00      0.00     0.00   0.00    0.00     0.00    0.00    0.00    0.00   0.00
nvme0n3          0.00      0.00     0.00   0.00    0.00     0.00 5593.20 303801.60 70359.00  92.64    0.13    54.32    0.00      0.00     0.00   0.00    0.00     0.00 2796.00    0.02    0.77 100.00
nvme0n4          0.00      0.00     0.00   0.00    0.00     0.00    0.00      0.00     0.00   0.00    0.00     0.00    0.00      0.00     0.00   0.00    0.00     0.00    0.00    0.00    0.00   0.00
sda              0.00      0.00     0.00   0.00    0.00     0.00    1.80     70.40     1.60  47.06    2.78    39.11    0.00      0.00     0.00   0.00    0.00     0.00    0.40    0.50    0.01   0.32


avg-cpu:  %user   %nice %system %iowait  %steal   %idle
           0.52    0.00    5.36    6.65    0.00   87.47

Device            r/s     rkB/s   rrqm/s  %rrqm r_await rareq-sz     w/s     wkB/s   wrqm/s  %wrqm w_await wareq-sz     d/s     dkB/s   drqm/s  %drqm d_await dareq-sz     f/s f_await  aqu-sz  %util
nvme0n1          0.00      0.00     0.00   0.00    0.00     0.00 16410.20 120458.40    30.40   0.18    0.11     7.34    0.00      0.00     0.00   0.00    0.00     0.00  681.60    0.04    1.82 100.00
nvme0n2          0.00      0.00     0.00   0.00    0.00     0.00    0.00      0.00     0.00   0.00    0.00     0.00    0.00      0.00     0.00   0.00    0.00     0.00    0.00    0.00    0.00   0.00
nvme0n3          0.00      0.00     0.00   0.00    0.00     0.00 5518.20 296395.20 68577.20  92.55    0.13    53.71    0.00      0.00     0.00   0.00    0.00     0.00 2758.40    0.02    0.77 100.00
nvme0n4          0.00      0.00     0.00   0.00    0.00     0.00    0.00      0.00     0.00   0.00    0.00     0.00    0.00      0.00     0.00   0.00    0.00     0.00    0.00    0.00    0.00   0.00
sda              0.00      0.00     0.00   0.00    0.00     0.00    3.00     73.60     1.20  28.57    2.60    24.53    0.00      0.00     0.00   0.00    0.00     0.00    0.40    0.00    0.01   0.34


avg-cpu:  %user   %nice %system %iowait  %steal   %idle
           0.49    0.00    5.36    8.08    0.00   86.07

Device            r/s     rkB/s   rrqm/s  %rrqm r_await rareq-sz     w/s     wkB/s   wrqm/s  %wrqm w_await wareq-sz     d/s     dkB/s   drqm/s  %drqm d_await dareq-sz     f/s f_await  aqu-sz  %util
nvme0n1          0.00      0.00     0.00   0.00    0.00     0.00 16637.60 122344.80    32.80   0.20    0.11     7.35    0.00      0.00     0.00   0.00    0.00     0.00  639.60    0.03    1.92 100.00
nvme0n2          0.00      0.00     0.00   0.00    0.00     0.00    0.00      0.00     0.00   0.00    0.00     0.00    0.00      0.00     0.00   0.00    0.00     0.00    0.00    0.00    0.00   0.00
nvme0n3          0.00      0.00     0.00   0.00    0.00     0.00 5768.60 311407.20 72079.60  92.59    0.12    53.98    0.00      0.00     0.00   0.00    0.00     0.00 2883.60    0.02    0.77 100.00
nvme0n4          0.00      0.00     0.00   0.00    0.00     0.00    0.00      0.00     0.00   0.00    0.00     0.00    0.00      0.00     0.00   0.00    0.00     0.00    0.00    0.00    0.00   0.00
sda              0.00      0.00     0.00   0.00    0.00     0.00    1.80     64.80     0.20  10.00    8.67    36.00    0.00      0.00     0.00   0.00    0.00     0.00    0.40    0.00    0.02   0.80


avg-cpu:  %user   %nice %system %iowait  %steal   %idle
           0.48    0.00    4.99    6.28    0.00   88.24

Device            r/s     rkB/s   rrqm/s  %rrqm r_await rareq-sz     w/s     wkB/s   wrqm/s  %wrqm w_await wareq-sz     d/s     dkB/s   drqm/s  %drqm d_await dareq-sz     f/s f_await  aqu-sz  %util
nvme0n1          0.00      0.00     0.00   0.00    0.00     0.00 15860.60 116304.80    23.00   0.14    0.11     7.33    0.00      0.00     0.00   0.00    0.00     0.00  705.60    0.04    1.83 100.00
nvme0n2          0.00      0.00     0.00   0.00    0.00     0.00    0.00      0.00     0.00   0.00    0.00     0.00    0.00      0.00     0.00   0.00    0.00     0.00    0.00    0.00    0.00   0.00
nvme0n3          0.00      0.00     0.00   0.00    0.00     0.00 5266.80 283324.00 65571.00  92.56    0.13    53.79    0.00      0.00     0.00   0.00    0.00     0.00 2632.80    0.02    0.76 100.00
nvme0n4          0.00      0.00     0.00   0.00    0.00     0.00    0.00      0.00     0.00   0.00    0.00     0.00    0.00      0.00     0.00   0.00    0.00     0.00    0.00    0.00    0.00   0.00
sda              0.00      0.00     0.00   0.00    0.00     0.00    1.80     69.60     1.40  43.75    2.89    38.67    0.00      0.00     0.00   0.00    0.00     0.00    0.40    0.00    0.01   0.34


avg-cpu:  %user   %nice %system %iowait  %steal   %idle
           0.51    0.00    5.41    7.96    0.00   86.11

Device            r/s     rkB/s   rrqm/s  %rrqm r_await rareq-sz     w/s     wkB/s   wrqm/s  %wrqm w_await wareq-sz     d/s     dkB/s   drqm/s  %drqm d_await dareq-sz     f/s f_await  aqu-sz  %util
nvme0n1          0.00      0.00     0.00   0.00    0.00     0.00 16726.40 123188.00    21.60   0.13    0.11     7.36    0.00      0.00     0.00   0.00    0.00     0.00  643.80    0.04    1.85 100.00
nvme0n2          0.00      0.00     0.00   0.00    0.00     0.00    0.00      0.00     0.00   0.00    0.00     0.00    0.00      0.00     0.00   0.00    0.00     0.00    0.00    0.00    0.00   0.00
nvme0n3          0.00      0.00     0.00   0.00    0.00     0.00 5772.40 312551.20 72358.40  92.61    0.12    54.15    0.00      0.00     0.00   0.00    0.00     0.00 2885.40    0.02    0.76 100.00
nvme0n4          0.00      0.00     0.00   0.00    0.00     0.00    0.00      0.00     0.00   0.00    0.00     0.00    0.00      0.00     0.00   0.00    0.00     0.00    0.00    0.00    0.00   0.00
sda              0.00      0.00     0.00   0.00    0.00     0.00    1.80     70.40     1.60  47.06    8.89    39.11    0.00      0.00     0.00   0.00    0.00     0.00    0.40    0.00    0.02   1.32


avg-cpu:  %user   %nice %system %iowait  %steal   %idle
           0.41    0.00    5.16    6.76    0.00   87.67

Device            r/s     rkB/s   rrqm/s  %rrqm r_await rareq-sz     w/s     wkB/s   wrqm/s  %wrqm w_await wareq-sz     d/s     dkB/s   drqm/s  %drqm d_await dareq-sz     f/s f_await  aqu-sz  %util
nvme0n1          0.00      0.00     0.00   0.00    0.00     0.00 16040.20 118015.20    30.40   0.19    0.11     7.36    0.00      0.00     0.00   0.00    0.00     0.00  641.20    0.03    1.77 100.00
nvme0n2          0.00      0.00     0.00   0.00    0.00     0.00    0.00      0.00     0.00   0.00    0.00     0.00    0.00      0.00     0.00   0.00    0.00     0.00    0.00    0.00    0.00   0.00
nvme0n3          0.00      0.00     0.00   0.00    0.00     0.00 5344.60 288512.80 66783.80  92.59    0.13    53.98    0.00      0.00     0.00   0.00    0.00     0.00 2671.80    0.02    0.76 100.00
nvme0n4          0.00      0.00     0.00   0.00    0.00     0.00    0.00      0.00     0.00   0.00    0.00     0.00    0.00      0.00     0.00   0.00    0.00     0.00    0.00    0.00    0.00   0.00
sda              0.00      0.00     0.00   0.00    0.00     0.00   26.00    176.00     1.00   3.70    7.64     6.77    0.00      0.00     0.00   0.00    0.00     0.00    0.40    0.00    0.20   0.80


avg-cpu:  %user   %nice %system %iowait  %steal   %idle
           0.42    0.00    5.00    7.54    0.00   87.04

Device            r/s     rkB/s   rrqm/s  %rrqm r_await rareq-sz     w/s     wkB/s   wrqm/s  %wrqm w_await wareq-sz     d/s     dkB/s   drqm/s  %drqm d_await dareq-sz     f/s f_await  aqu-sz  %util
nvme0n1          0.00      0.00     0.00   0.00    0.00     0.00 16699.00 123077.60    24.20   0.14    0.11     7.37    0.00      0.00     0.00   0.00    0.00     0.00  640.80    0.03    1.83 100.00
nvme0n2          0.00      0.00     0.00   0.00    0.00     0.00    0.00      0.00     0.00   0.00    0.00     0.00    0.00      0.00     0.00   0.00    0.00     0.00    0.00    0.00    0.00   0.00
nvme0n3          0.00      0.00     0.00   0.00    0.00     0.00 5712.60 308613.60 71440.80  92.60    0.12    54.02    0.00      0.00     0.00   0.00    0.00     0.00 2855.60    0.02    0.77 100.00
nvme0n4          0.00      0.00     0.00   0.00    0.00     0.00    0.00      0.00     0.00   0.00    0.00     0.00    0.00      0.00     0.00   0.00    0.00     0.00    0.00    0.00    0.00   0.00
sda              0.00      0.00     0.00   0.00    0.00     0.00    1.60     69.60     1.60  50.00    3.00    43.50    0.00      0.00     0.00   0.00    0.00     0.00    0.40    0.00    0.01   0.20


avg-cpu:  %user   %nice %system %iowait  %steal   %idle
           0.47    0.00    5.26    6.82    0.00   87.46

Device            r/s     rkB/s   rrqm/s  %rrqm r_await rareq-sz     w/s     wkB/s   wrqm/s  %wrqm w_await wareq-sz     d/s     dkB/s   drqm/s  %drqm d_await dareq-sz     f/s f_await  aqu-sz  %util
nvme0n1          0.00      0.00     0.00   0.00    0.00     0.00 16077.80 118092.80    25.00   0.16    0.11     7.35    0.00      0.00     0.00   0.00    0.00     0.00  675.80    0.03    1.77 100.00
nvme0n2          0.00      0.00     0.00   0.00    0.00     0.00    0.00      0.00     0.00   0.00    0.00     0.00    0.00      0.00     0.00   0.00    0.00     0.00    0.00    0.00    0.00   0.00
nvme0n3          0.00      0.00     0.00   0.00    0.00     0.00 5352.60 288852.00 66860.40  92.59    0.13    53.96    0.00      0.00     0.00   0.00    0.00     0.00 2675.80    0.02    0.76 100.00
nvme0n4          0.00      0.00     0.00   0.00    0.00     0.00    0.00      0.00     0.00   0.00    0.00     0.00    0.00      0.00     0.00   0.00    0.00     0.00    0.00    0.00    0.00   0.00
sda              0.00      0.00     0.00   0.00    0.00     0.00    0.40      2.40     0.20  33.33   14.50     6.00    0.00      0.00     0.00   0.00    0.00     0.00    0.40    0.00    0.01   0.60


avg-cpu:  %user   %nice %system %iowait  %steal   %idle
           0.47    0.00    5.50    6.38    0.00   87.65

Device            r/s     rkB/s   rrqm/s  %rrqm r_await rareq-sz     w/s     wkB/s   wrqm/s  %wrqm w_await wareq-sz     d/s     dkB/s   drqm/s  %drqm d_await dareq-sz     f/s f_await  aqu-sz  %util
nvme0n1          0.00      0.00     0.00   0.00    0.00     0.00 15971.20 117305.60    32.60   0.20    0.11     7.34    0.00      0.00     0.00   0.00    0.00     0.00  690.40    0.03    1.74 100.00
nvme0n2          0.00      0.00     0.00   0.00    0.00     0.00    0.00      0.00     0.00   0.00    0.00     0.00    0.00      0.00     0.00   0.00    0.00     0.00    0.00    0.00    0.00   0.00
nvme0n3          0.00      0.00     0.00   0.00    0.00     0.00 5213.60 279763.20 64727.20  92.55    0.13    53.66    0.00      0.00     0.00   0.00    0.00     0.00 2606.20    0.02    0.74 100.00
nvme0n4          0.00      0.00     0.00   0.00    0.00     0.00    0.00      0.00     0.00   0.00    0.00     0.00    0.00      0.00     0.00   0.00    0.00     0.00    0.00    0.00    0.00   0.00
sda              0.00      0.00     0.00   0.00    0.00     0.00    1.80     67.20     0.80  30.77   10.56    37.33    0.00      0.00     0.00   0.00    0.00     0.00    0.40    0.00    0.02   1.48


avg-cpu:  %user   %nice %system %iowait  %steal   %idle
           0.47    0.00    5.20    8.08    0.00   86.25

Device            r/s     rkB/s   rrqm/s  %rrqm r_await rareq-sz     w/s     wkB/s   wrqm/s  %wrqm w_await wareq-sz     d/s     dkB/s   drqm/s  %drqm d_await dareq-sz     f/s f_await  aqu-sz  %util
nvme0n1          0.00      0.00     0.00   0.00    0.00     0.00 16723.80 123369.60    28.80   0.17    0.11     7.38    0.00      0.00     0.00   0.00    0.00     0.00  668.20    0.03    1.92 100.00
nvme0n2          0.00      0.00     0.00   0.00    0.00     0.00    0.00      0.00     0.00   0.00    0.00     0.00    0.00      0.00     0.00   0.00    0.00     0.00    0.00    0.00    0.00   0.00
nvme0n3          0.00      0.00     0.00   0.00    0.00     0.00 5792.60 311158.40 71997.00  92.55    0.12    53.72    0.00      0.00     0.00   0.00    0.00     0.00 2895.40    0.02    0.75 100.00
nvme0n4          0.00      0.00     0.00   0.00    0.00     0.00    0.00      0.00     0.00   0.00    0.00     0.00    0.00      0.00     0.00   0.00    0.00     0.00    0.00    0.00    0.00   0.00
sda              0.00      0.00     0.00   0.00    0.00     0.00    3.40     77.60     2.00  37.04    8.24    22.82    0.00      0.00     0.00   0.00    0.00     0.00    0.40    0.50    0.03   0.60


avg-cpu:  %user   %nice %system %iowait  %steal   %idle
           0.44    0.00    5.34    7.68    0.00   86.54

Device            r/s     rkB/s   rrqm/s  %rrqm r_await rareq-sz     w/s     wkB/s   wrqm/s  %wrqm w_await wareq-sz     d/s     dkB/s   drqm/s  %drqm d_await dareq-sz     f/s f_await  aqu-sz  %util
nvme0n1          0.00      0.00     0.00   0.00    0.00     0.00 16580.40 122412.80    28.00   0.17    0.11     7.38    0.00      0.00     0.00   0.00    0.00     0.00  656.20    0.04    1.81 100.00
nvme0n2          0.00      0.00     0.00   0.00    0.00     0.00    0.00      0.00     0.00   0.00    0.00     0.00    0.00      0.00     0.00   0.00    0.00     0.00    0.00    0.00    0.00   0.00
nvme0n3          0.00      0.00     0.00   0.00    0.00     0.00 5635.20 305325.60 70696.20  92.62    0.12    54.18    0.00      0.00     0.00   0.00    0.00     0.00 2817.00    0.02    0.74 100.00
nvme0n4          0.00      0.00     0.00   0.00    0.00     0.00    0.00      0.00     0.00   0.00    0.00     0.00    0.00      0.00     0.00   0.00    0.00     0.00    0.00    0.00    0.00   0.00
sda              0.00      0.00     0.00   0.00    0.00     0.00    1.80     64.80     1.00  35.71   10.22    36.00    0.00      0.00     0.00   0.00    0.00     0.00    0.40    0.00    0.02   1.60


avg-cpu:  %user   %nice %system %iowait  %steal   %idle
           0.43    0.00    5.28    5.10    0.00   89.19

Device            r/s     rkB/s   rrqm/s  %rrqm r_await rareq-sz     w/s     wkB/s   wrqm/s  %wrqm w_await wareq-sz     d/s     dkB/s   drqm/s  %drqm d_await dareq-sz     f/s f_await  aqu-sz  %util
nvme0n1          0.00      0.00     0.00   0.00    0.00     0.00 15588.07 114145.53    24.06   0.15    0.11     7.32    0.00      0.00     0.00   0.00    0.00     0.00  720.68    0.03    1.68 100.00
nvme0n2          0.00      0.00     0.00   0.00    0.00     0.00    0.00      0.00     0.00   0.00    0.00     0.00    0.00      0.00     0.00   0.00    0.00     0.00    0.00    0.00    0.00   0.00
nvme0n3          0.00      0.00     0.00   0.00    0.00     0.00 4876.94 262444.53 60738.17  92.57    0.14    53.81    0.00      0.00     0.00   0.00    0.00     0.00 2437.77    0.03    0.74 100.00
nvme0n4          0.00      0.00     0.00   0.00    0.00     0.00    0.00      0.00     0.00   0.00    0.00     0.00    0.00      0.00     0.00   0.00    0.00     0.00    0.00    0.00    0.00   0.00
sda              0.00      0.00     0.00   0.00    0.00     0.00    2.39     77.93     1.99  45.45   15.33    32.67    0.00      0.00     0.00   0.00    0.00     0.00    0.60    0.00    0.04   1.45


avg-cpu:  %user   %nice %system %iowait  %steal   %idle
           0.42    0.00    5.66    8.42    0.00   85.50

Device            r/s     rkB/s   rrqm/s  %rrqm r_await rareq-sz     w/s     wkB/s   wrqm/s  %wrqm w_await wareq-sz     d/s     dkB/s   drqm/s  %drqm d_await dareq-sz     f/s f_await  aqu-sz  %util
nvme0n1          0.00      0.00     0.00   0.00    0.00     0.00 16572.03 122000.00    23.54   0.14    0.11     7.36    0.00      0.00     0.00   0.00    0.00     0.00  636.22    0.03    1.81 100.00
nvme0n2          0.00      0.00     0.00   0.00    0.00     0.00    0.00      0.00     0.00   0.00    0.00     0.00    0.00      0.00     0.00   0.00    0.00     0.00    0.00    0.00    0.00   0.00
nvme0n3          0.00      0.00     0.00   0.00    0.00     0.00 5661.57 306130.38 70870.82  92.60    0.12    54.07    0.00      0.00     0.00   0.00    0.00     0.00 2830.18    0.02    0.76 100.00
nvme0n4          0.00      0.00     0.00   0.00    0.00     0.00    0.00      0.00     0.00   0.00    0.00     0.00    0.00      0.00     0.00   0.00    0.00     0.00    0.00    0.00    0.00   0.00
sda              0.20      0.80     0.00   0.00   17.00     4.00    1.41     62.78     0.80  36.36   22.14    44.57    0.00      0.00     0.00   0.00    0.00     0.00    0.20    0.00    0.03   1.07


avg-cpu:  %user   %nice %system %iowait  %steal   %idle
           0.40    0.00    5.03    7.70    0.00   86.87

Device            r/s     rkB/s   rrqm/s  %rrqm r_await rareq-sz     w/s     wkB/s   wrqm/s  %wrqm w_await wareq-sz     d/s     dkB/s   drqm/s  %drqm d_await dareq-sz     f/s f_await  aqu-sz  %util
nvme0n1          0.00      0.00     0.00   0.00    0.00     0.00 16524.40 121985.60    28.00   0.17    0.11     7.38    0.00      0.00     0.00   0.00    0.00     0.00  624.80    0.03    1.81 100.00
nvme0n2          0.00      0.00     0.00   0.00    0.00     0.00    0.00      0.00     0.00   0.00    0.00     0.00    0.00      0.00     0.00   0.00    0.00     0.00    0.00    0.00    0.00   0.00
nvme0n3          0.00      0.00     0.00   0.00    0.00     0.00 5616.20 303776.80 70324.20  92.60    0.12    54.09    0.00      0.00     0.00   0.00    0.00     0.00 2807.40    0.02    0.76 100.00
nvme0n4          0.00      0.00     0.00   0.00    0.00     0.00    0.00      0.00     0.00   0.00    0.00     0.00    0.00      0.00     0.00   0.00    0.00     0.00    0.00    0.00    0.00   0.00
sda              0.00      0.00     0.00   0.00    0.00     0.00   21.20     92.80     1.20   5.36    7.86     4.38    0.00      0.00     0.00   0.00    0.00     0.00    0.40    0.00    0.17   1.20


avg-cpu:  %user   %nice %system %iowait  %steal   %idle
           0.46    0.00    5.38    8.04    0.00   86.12

Device            r/s     rkB/s   rrqm/s  %rrqm r_await rareq-sz     w/s     wkB/s   wrqm/s  %wrqm w_await wareq-sz     d/s     dkB/s   drqm/s  %drqm d_await dareq-sz     f/s f_await  aqu-sz  %util
nvme0n1          0.00      0.00     0.00   0.00    0.00     0.00 16714.00 123176.80    45.00   0.27    0.11     7.37    0.00      0.00     0.00   0.00    0.00     0.00  638.00    0.03    1.84 100.00
nvme0n2          0.00      0.00     0.00   0.00    0.00     0.00    0.00      0.00     0.00   0.00    0.00     0.00    0.00      0.00     0.00   0.00    0.00     0.00    0.00    0.00    0.00   0.00
nvme0n3          0.00      0.00     0.00   0.00    0.00     0.00 5711.80 309121.60 71568.60  92.61    0.12    54.12    0.00      0.00     0.00   0.00    0.00     0.00 2855.20    0.02    0.76 100.00
nvme0n4          0.00      0.00     0.00   0.00    0.00     0.00    0.00      0.00     0.00   0.00    0.00     0.00    0.00      0.00     0.00   0.00    0.00     0.00    0.00    0.00    0.00   0.00
sda              0.00      0.00     0.00   0.00    0.00     0.00    0.40      5.60     0.80  66.67    1.00    14.00    0.00      0.00     0.00   0.00    0.00     0.00    0.40    0.00    0.00   0.08


avg-cpu:  %user   %nice %system %iowait  %steal   %idle
           0.47    0.00    5.26    8.26    0.00   86.00

Device            r/s     rkB/s   rrqm/s  %rrqm r_await rareq-sz     w/s     wkB/s   wrqm/s  %wrqm w_await wareq-sz     d/s     dkB/s   drqm/s  %drqm d_await dareq-sz     f/s f_await  aqu-sz  %util
nvme0n1          0.00      0.00     0.00   0.00    0.00     0.00 16624.60 122224.00    23.40   0.14    0.11     7.35    0.00      0.00     0.00   0.00    0.00     0.00  626.80    0.03    1.92 100.00
nvme0n2          0.00      0.00     0.00   0.00    0.00     0.00    0.00      0.00     0.00   0.00    0.00     0.00    0.00      0.00     0.00   0.00    0.00     0.00    0.00    0.00    0.00   0.00
nvme0n3          0.00      0.00     0.00   0.00    0.00     0.00 5765.40 311824.80 72197.40  92.60    0.12    54.09    0.00      0.00     0.00   0.00    0.00     0.00 2882.00    0.02    0.76 100.00
nvme0n4          0.00      0.00     0.00   0.00    0.00     0.00    0.00      0.00     0.00   0.00    0.00     0.00    0.00      0.00     0.00   0.00    0.00     0.00    0.00    0.00    0.00   0.00
sda              0.00      0.00     0.00   0.00    0.00     0.00    0.40      4.80     0.80  66.67    1.00    12.00    0.00      0.00     0.00   0.00    0.00     0.00    0.40    0.00    0.00   0.06


avg-cpu:  %user   %nice %system %iowait  %steal   %idle
           0.43    0.00    5.07    7.47    0.00   87.03

Device            r/s     rkB/s   rrqm/s  %rrqm r_await rareq-sz     w/s     wkB/s   wrqm/s  %wrqm w_await wareq-sz     d/s     dkB/s   drqm/s  %drqm d_await dareq-sz     f/s f_await  aqu-sz  %util
nvme0n1          0.00      0.00     0.00   0.00    0.00     0.00 16304.80 119912.80    24.80   0.15    0.11     7.35    0.00      0.00     0.00   0.00    0.00     0.00  633.80    0.03    1.80 100.00
nvme0n2          0.00      0.00     0.00   0.00    0.00     0.00    0.00      0.00     0.00   0.00    0.00     0.00    0.00      0.00     0.00   0.00    0.00     0.00    0.00    0.00    0.00   0.00
nvme0n3          0.00      0.00     0.00   0.00    0.00     0.00 5519.80 298339.20 69058.40  92.60    0.13    54.05    0.00      0.00     0.00   0.00    0.00     0.00 2759.20    0.02    0.76 100.00
nvme0n4          0.00      0.00     0.00   0.00    0.00     0.00    0.00      0.00     0.00   0.00    0.00     0.00    0.00      0.00     0.00   0.00    0.00     0.00    0.00    0.00    0.00   0.00
sda              0.00      0.00     0.00   0.00    0.00     0.00    0.60      5.60     0.80  57.14   11.67     9.33    0.00      0.00     0.00   0.00    0.00     0.00    0.40    0.00    0.01   0.74

