fc stats:
0 commits (0 skipped):
	0 ineligible
	0 failed
	0 empty
Commit type breakdown:
	0 fua
	0 fua+preflush
	0 multiblock
0 numblks
0 real_numblks
0 flushes
0 avg_commit_time
time breakdown:
	total: 0
	begin_time: 0
	perform_time: 0
		lock_updates_time: 0
		mark_inodes_committing: 0
		flush_data_time: 0
		dentry_commit_time: 0
		write_inodes_time: 0
		tail_write_time: 0
	wait_bufs_time: 0
Ineligible reasons:
"Extended attributes changed":	0
"Cross rename":	0
"Journal flag changed":	0
"Insufficient memory":	0
"Swap boot":	0
"Resize":	0
"Dir renamed":	0
"Falloc range op":	0
"Data journalling":	0
fsync: 
0,186069
1,1196
2,70
3,64
4,35
5,19
6,12
7,6
8,8
9,13
10,10
11,2
12,4
13,2
14,5
15,2
16,9
17,1
20,1
21,3
24,1
27,1
32,1
33,1
39,1
44,1
45,1
48,1
61,1
62,1
64,1
66,1
77,2
82,2
83,1
84,1
86,4
88,2
89,1
90,1
95,2
96,1
97,1
98,1
100,1
102,2
104,2
108,2
109,1
110,3
111,1
112,4
113,1
114,4
116,2
117,1
118,3
119,6
120,3
121,4
122,3
123,4
124,2
126,2
127,6
128,3
129,10
130,6
131,8
132,3
133,8
134,4
135,4
136,5
137,7
138,7
139,4
140,6
141,5
142,2
143,8
144,6
145,7
146,7
147,7
148,11
149,5
150,7
151,9
152,11
153,15
154,13
155,10
156,15
157,17
158,18
159,22
160,17
161,24
162,17
163,23
164,26
165,30
166,33
167,41
168,34
169,25
170,28
171,25
172,41
173,34
174,42
175,40
176,59
177,47
178,77
179,83
180,101
181,136
182,125
183,122
184,141
185,157
186,169
187,192
188,178
189,227
190,228
191,284
192,256
193,291
194,330
195,353
196,359
197,395
198,420
199,458
200,446
201,480
202,517
203,531
204,532
205,606
206,632
207,619
208,658
209,644
210,723
211,655
212,703
213,708
214,783
215,792
216,869
217,923
218,962
219,1010
220,1015
221,1099
222,1203
223,1187
224,1209
225,1237
226,1293
227,1322
228,1322
229,1408
230,1328
231,1409
232,1325
233,1392
234,1380
235,1332
236,1331
237,1361
238,1364
239,1363
240,1386
241,1378
242,1439
243,1453
244,1540
245,1549
246,1519
247,1512
248,1576
249,1564
250,1554
251,1621
252,1592
253,1599
254,1645
255,1617
256,1588
257,1650
258,1633
259,1572
260,1711
261,1632
262,1576
263,1582
264,1678
265,1590
266,1663
267,1594
268,1647
269,1672
270,1650
271,1635
272,1599
273,1608
274,1602
275,1518
276,1584
277,1579
278,1522
279,1562
280,1575
281,1542
282,1588
283,1481
284,1582
285,1501
286,1508
287,1577
288,1461
289,1435
290,1541
291,1365
292,1401
293,1401
294,1412
295,1325
296,1337
297,1388
298,1285
299,1323
300,1242
301,1286
302,1187
303,1271
304,1207
305,1155
306,1145
307,1175
308,1129
309,1111
310,1115
311,1038
312,1081
313,1067
314,1059
315,1026
316,1020
317,1028
318,1029
319,933
320,1021
321,954
322,895
323,930
324,885
325,909
326,928
327,860
328,862
329,828
330,847
331,821
332,838
333,791
334,737
335,796
336,761
337,728
338,734
339,721
340,737
341,715
342,712
343,698
344,735
345,705
346,679
347,691
348,722
349,700
350,690
351,741
352,655
353,665
354,648
355,725
356,669
357,670
358,674
359,677
360,656
361,612
362,618
363,576
364,640
365,609
366,567
367,560
368,584
369,572
370,566
371,513
372,523
373,490
374,491
375,496
376,491
377,476
378,406
379,405
380,414
381,433
382,439
383,363
384,364
385,375
386,362
387,360
388,372
389,322
390,308
391,306
392,332
393,294
394,297
395,286
396,298
397,272
398,250
399,268
400,262
401,234
402,244
403,247
404,223
405,234
406,219
407,212
408,195
409,186
410,206
411,181
412,163
413,180
414,186
415,135
416,144
417,125
418,150
419,147
420,128
421,140
422,102
423,125
424,115
425,133
426,110
427,121
428,112
429,119
430,121
431,98
432,106
433,115
434,97
435,115
436,80
437,83
438,90
439,74
440,79
441,80
442,67
443,73
444,96
445,78
446,80
447,52
448,64
449,73
450,63
451,52
452,52
453,64
454,66
455,64
456,43
457,50
458,44
459,61
460,67
461,55
462,46
463,51
464,53
465,40
466,54
467,50
468,41
469,55
470,42
471,40
472,44
473,53
474,32
475,42
476,40
477,24
478,32
479,43
480,35
481,19
482,41
483,29
484,31
485,30
486,26
487,31
488,29
489,34
490,24
491,30
492,30
493,29
494,22
495,31
496,30
497,21
498,26
499,21
500,23
501,23
502,16
503,17
504,21
505,21
506,22
507,23
508,16
509,20
510,21
511,15
512,23
513,13
514,25
515,22
516,13
517,19
518,21
519,12
520,12
521,19
522,14
523,7
524,13
525,15
526,12
527,13
528,14
529,8
530,7
531,13
532,12
533,13
534,11
535,6
536,5
537,10
538,10
539,10
540,6
541,2
542,6
543,8
544,7
545,8
546,6
547,3
548,4
549,10
550,10
551,5
552,5
553,8
554,4
555,6
556,6
557,5
558,7
559,4
560,13
561,5
562,10
563,5
564,7
565,5
566,2
567,6
568,4
569,3
570,5
571,4
572,5
573,2
574,3
575,7
576,4
577,3
578,5
580,7
581,2
582,7
583,4
584,5
585,1
586,1
587,2
588,2
590,5
591,3
592,3
593,1
594,6
595,6
597,2
598,6
599,1
600,4
601,5
602,3
603,2
604,1
606,2
608,1
609,4
610,1
611,1
612,1
613,3
615,1
618,1
619,2
620,4
622,2
623,2
624,1
625,1
628,2
630,2
631,1
632,2
633,1
635,1
636,3
637,3
638,2
639,1
642,3
643,1
645,2
648,1
651,1
656,1
661,1
665,1
666,1
668,2
669,1
672,2
673,2
674,1
675,1
676,1
680,1
686,2
690,1
701,1
710,1
719,1
731,1
738,1
739,1
750,1
754,1
757,1
762,1
803,1
864,1
866,1
903,1
1097,1
1673,1
1852,1
2009,1
2144,1
2330,1
2392,1
