Linux 5.19.0-rc5-xfstests-perf-00986-g953948f2acf6-dirty (harshads-do-not-delete-3) 	12/19/23 	_x86_64_	(32 CPU)


avg-cpu:  %user   %nice %system %iowait  %steal   %idle
           0.00    0.00    5.90    2.45    0.00   91.64

Device            r/s     rkB/s   rrqm/s  %rrqm r_await rareq-sz     w/s     wkB/s   wrqm/s  %wrqm w_await wareq-sz     d/s     dkB/s   drqm/s  %drqm d_await dareq-sz     f/s f_await  aqu-sz  %util
nvme0n1          0.00      0.00     0.00   0.00    0.00     0.00 8375.80  47582.40    13.20   0.16    0.09     5.68    0.00      0.00     0.00   0.00    0.00     0.00 2362.40    0.03    0.80  76.80
nvme0n2          0.00      0.00     0.00   0.00    0.00     0.00    0.00      0.00     0.00   0.00    0.00     0.00    0.00      0.00     0.00   0.00    0.00     0.00    0.00    0.00    0.00   0.00
nvme0n3          0.00      0.00     0.00   0.00    0.00     0.00 3556.60 141073.60 31711.80  89.92    0.12    39.67    0.00      0.00     0.00   0.00    0.00     0.00 1778.40    0.03    0.47  77.20
nvme0n4          0.00      0.00     0.00   0.00    0.00     0.00    0.00      0.00     0.00   0.00    0.00     0.00    0.00      0.00     0.00   0.00    0.00     0.00    0.00    0.00    0.00   0.00
sda              7.80    238.40    29.40  79.03   11.64    30.56    4.00     26.40     2.60  39.39    1.00     6.60    0.00      0.00     0.00   0.00    0.00     0.00    0.40    0.50    0.09   4.20


avg-cpu:  %user   %nice %system %iowait  %steal   %idle
           0.01    0.00   10.31    4.82    0.00   84.86

Device            r/s     rkB/s   rrqm/s  %rrqm r_await rareq-sz     w/s     wkB/s   wrqm/s  %wrqm w_await wareq-sz     d/s     dkB/s   drqm/s  %drqm d_await dareq-sz     f/s f_await  aqu-sz  %util
nvme0n1          0.00      0.00     0.00   0.00    0.00     0.00 15138.40  82432.00    28.60   0.19    0.09     5.45    0.00      0.00     0.00   0.00    0.00     0.00 4350.80    0.03    1.42 100.00
nvme0n2          0.00      0.00     0.00   0.00    0.00     0.00    0.00      0.00     0.00   0.00    0.00     0.00    0.00      0.00     0.00   0.00    0.00     0.00    0.00    0.00    0.00   0.00
nvme0n3          0.00      0.00     0.00   0.00    0.00     0.00 5389.20 249313.60 56939.20  91.35    0.12    46.26    0.00      0.00     0.00   0.00    0.00     0.00 2693.40    0.02    0.72 100.00
nvme0n4          0.00      0.00     0.00   0.00    0.00     0.00    0.00      0.00     0.00   0.00    0.00     0.00    0.00      0.00     0.00   0.00    0.00     0.00    0.00    0.00    0.00   0.00
sda             15.40    437.60    46.40  75.08    9.70    28.42    0.00      0.00     1.00 100.00    0.00     0.00    0.00      0.00     0.00   0.00    0.00     0.00    0.00    0.00    0.15   7.06


avg-cpu:  %user   %nice %system %iowait  %steal   %idle
           0.01    0.00   10.19    4.33    0.00   85.47

Device            r/s     rkB/s   rrqm/s  %rrqm r_await rareq-sz     w/s     wkB/s   wrqm/s  %wrqm w_await wareq-sz     d/s     dkB/s   drqm/s  %drqm d_await dareq-sz     f/s f_await  aqu-sz  %util
nvme0n1          0.00      0.00     0.00   0.00    0.00     0.00 14724.80  80411.20    29.60   0.20    0.09     5.46    0.00      0.00     0.00   0.00    0.00     0.00 4206.00    0.03    1.41 100.00
nvme0n2          0.00      0.00     0.00   0.00    0.00     0.00    0.00      0.00     0.00   0.00    0.00     0.00    0.00      0.00     0.00   0.00    0.00     0.00    0.00    0.00    0.00   0.00
nvme0n3          0.00      0.00     0.00   0.00    0.00     0.00 5123.00 243109.60 55659.60  91.57    0.13    47.45    0.00      0.00     0.00   0.00    0.00     0.00 2561.00    0.03    0.73 100.00
nvme0n4          0.00      0.00     0.00   0.00    0.00     0.00    0.00      0.00     0.00   0.00    0.00     0.00    0.00      0.00     0.00   0.00    0.00     0.00    0.00    0.00    0.00   0.00
sda              5.20     56.80     6.00  53.57    7.42    10.92    0.60      6.40     0.80  57.14    1.00    10.67    0.00      0.00     0.00   0.00    0.00     0.00    0.40    0.00    0.04   2.54


avg-cpu:  %user   %nice %system %iowait  %steal   %idle
           0.01    0.00   10.06    4.59    0.00   85.34

Device            r/s     rkB/s   rrqm/s  %rrqm r_await rareq-sz     w/s     wkB/s   wrqm/s  %wrqm w_await wareq-sz     d/s     dkB/s   drqm/s  %drqm d_await dareq-sz     f/s f_await  aqu-sz  %util
nvme0n1          0.00      0.00     0.00   0.00    0.00     0.00 14635.00  79940.00    30.00   0.20    0.09     5.46    0.00      0.00     0.00   0.00    0.00     0.00 4197.00    0.03    1.45 100.00
nvme0n2          0.00      0.00     0.00   0.00    0.00     0.00    0.00      0.00     0.00   0.00    0.00     0.00    0.00      0.00     0.00   0.00    0.00     0.00    0.00    0.00    0.00   0.00
nvme0n3          0.00      0.00     0.00   0.00    0.00     0.00 5187.80 243674.40 55725.60  91.48    0.13    46.97    0.00      0.00     0.00   0.00    0.00     0.00 2593.20    0.03    0.74 100.00
nvme0n4          0.00      0.00     0.00   0.00    0.00     0.00    0.00      0.00     0.00   0.00    0.00     0.00    0.00      0.00     0.00   0.00    0.00     0.00    0.00    0.00    0.00   0.00
sda              0.00      0.00     0.00   0.00    0.00     0.00    8.60     39.20     0.60   6.52   30.47     4.56    0.00      0.00     0.00   0.00    0.00     0.00    0.40    0.00    0.26   1.06


avg-cpu:  %user   %nice %system %iowait  %steal   %idle
           0.00    0.00   10.33    4.13    0.00   85.54

Device            r/s     rkB/s   rrqm/s  %rrqm r_await rareq-sz     w/s     wkB/s   wrqm/s  %wrqm w_await wareq-sz     d/s     dkB/s   drqm/s  %drqm d_await dareq-sz     f/s f_await  aqu-sz  %util
nvme0n1          0.00      0.00     0.00   0.00    0.00     0.00 14235.00  78183.20    29.60   0.21    0.09     5.49    0.00      0.00     0.00   0.00    0.00     0.00 4050.60    0.03    1.41 100.00
nvme0n2          0.00      0.00     0.00   0.00    0.00     0.00    0.00      0.00     0.00   0.00    0.00     0.00    0.00      0.00     0.00   0.00    0.00     0.00    0.00    0.00    0.00   0.00
nvme0n3          0.00      0.00     0.00   0.00    0.00     0.00 4934.80 234918.40 53794.80  91.60    0.13    47.60    0.00      0.00     0.00   0.00    0.00     0.00 2467.00    0.03    0.73 100.00
nvme0n4          0.00      0.00     0.00   0.00    0.00     0.00    0.00      0.00     0.00   0.00    0.00     0.00    0.00      0.00     0.00   0.00    0.00     0.00    0.00    0.00    0.00   0.00
sda              0.00      0.00     0.00   0.00    0.00     0.00    0.80      5.60     1.20  60.00    1.25     7.00    0.00      0.00     0.00   0.00    0.00     0.00    0.40    0.00    0.00   0.20


avg-cpu:  %user   %nice %system %iowait  %steal   %idle
           0.01    0.00   10.32    4.70    0.00   84.98

Device            r/s     rkB/s   rrqm/s  %rrqm r_await rareq-sz     w/s     wkB/s   wrqm/s  %wrqm w_await wareq-sz     d/s     dkB/s   drqm/s  %drqm d_await dareq-sz     f/s f_await  aqu-sz  %util
nvme0n1          0.00      0.00     0.00   0.00    0.00     0.00 14977.60  81763.20    28.40   0.19    0.09     5.46    0.00      0.00     0.00   0.00    0.00     0.00 4327.00    0.03    1.51 100.00
nvme0n2          0.00      0.00     0.00   0.00    0.00     0.00    0.00      0.00     0.00   0.00    0.00     0.00    0.00      0.00     0.00   0.00    0.00     0.00    0.00    0.00    0.00   0.00
nvme0n3          0.00      0.00     0.00   0.00    0.00     0.00 5316.20 248685.60 56859.40  91.45    0.13    46.78    0.00      0.00     0.00   0.00    0.00     0.00 2657.60    0.02    0.73 100.00
nvme0n4          0.00      0.00     0.00   0.00    0.00     0.00    0.00      0.00     0.00   0.00    0.00     0.00    0.00      0.00     0.00   0.00    0.00     0.00    0.00    0.00    0.00   0.00
sda              0.00      0.00     0.00   0.00    0.00     0.00    7.60     36.80     0.20   2.56   21.74     4.84    0.00      0.00     0.00   0.00    0.00     0.00    0.40    0.00    0.17   1.54


avg-cpu:  %user   %nice %system %iowait  %steal   %idle
           0.01    0.00   10.73    4.31    0.00   84.96

Device            r/s     rkB/s   rrqm/s  %rrqm r_await rareq-sz     w/s     wkB/s   wrqm/s  %wrqm w_await wareq-sz     d/s     dkB/s   drqm/s  %drqm d_await dareq-sz     f/s f_await  aqu-sz  %util
nvme0n1          0.00      0.00     0.00   0.00    0.00     0.00 14898.60  81676.00    43.40   0.29    0.09     5.48    0.00      0.00     0.00   0.00    0.00     0.00 4252.60    0.03    1.43 100.00
nvme0n2          0.00      0.00     0.00   0.00    0.00     0.00    0.00      0.00     0.00   0.00    0.00     0.00    0.00      0.00     0.00   0.00    0.00     0.00    0.00    0.00    0.00   0.00
nvme0n3          0.00      0.00     0.00   0.00    0.00     0.00 5274.00 246980.00 56466.80  91.46    0.12    46.83    0.00      0.00     0.00   0.00    0.00     0.00 2636.60    0.02    0.72 100.00
nvme0n4          0.00      0.00     0.00   0.00    0.00     0.00    0.00      0.00     0.00   0.00    0.00     0.00    0.00      0.00     0.00   0.00    0.00     0.00    0.00    0.00    0.00   0.00
sda              0.60      2.40     0.00   0.00   24.33     4.00    3.00     15.20     2.00  40.00    2.33     5.07    0.00      0.00     0.00   0.00    0.00     0.00    0.40    0.00    0.02   1.86


avg-cpu:  %user   %nice %system %iowait  %steal   %idle
           0.03    0.00   10.74    4.49    0.00   84.74

Device            r/s     rkB/s   rrqm/s  %rrqm r_await rareq-sz     w/s     wkB/s   wrqm/s  %wrqm w_await wareq-sz     d/s     dkB/s   drqm/s  %drqm d_await dareq-sz     f/s f_await  aqu-sz  %util
nvme0n1          0.00      0.00     0.00   0.00    0.00     0.00 15108.20  82572.00    39.60   0.26    0.09     5.47    0.00      0.00     0.00   0.00    0.00     0.00 4336.80    0.03    1.42 100.00
nvme0n2          0.00      0.00     0.00   0.00    0.00     0.00    0.00      0.00     0.00   0.00    0.00     0.00    0.00      0.00     0.00   0.00    0.00     0.00    0.00    0.00    0.00   0.00
nvme0n3          0.00      0.00     0.00   0.00    0.00     0.00 5439.40 252447.20 57672.20  91.38    0.12    46.41    0.00      0.00     0.00   0.00    0.00     0.00 2719.00    0.02    0.72 100.00
nvme0n4          0.00      0.00     0.00   0.00    0.00     0.00    0.00      0.00     0.00   0.00    0.00     0.00    0.00      0.00     0.00   0.00    0.00     0.00    0.00    0.00    0.00   0.00
sda              0.00      0.00     0.00   0.00    0.00     0.00    0.40      7.20     0.80  66.67   34.00    18.00    0.00      0.00     0.00   0.00    0.00     0.00    0.40    0.00    0.01   1.40


avg-cpu:  %user   %nice %system %iowait  %steal   %idle
           0.01    0.00   10.45    4.47    0.00   85.07

Device            r/s     rkB/s   rrqm/s  %rrqm r_await rareq-sz     w/s     wkB/s   wrqm/s  %wrqm w_await wareq-sz     d/s     dkB/s   drqm/s  %drqm d_await dareq-sz     f/s f_await  aqu-sz  %util
nvme0n1          0.00      0.00     0.00   0.00    0.00     0.00 15126.20  82482.40    31.40   0.21    0.09     5.45    0.00      0.00     0.00   0.00    0.00     0.00 4355.60    0.03    1.43 100.00
nvme0n2          0.00      0.00     0.00   0.00    0.00     0.00    0.00      0.00     0.00   0.00    0.00     0.00    0.00      0.00     0.00   0.00    0.00     0.00    0.00    0.00    0.00   0.00
nvme0n3          0.00      0.00     0.00   0.00    0.00     0.00 5387.80 251171.20 57405.20  91.42    0.12    46.62    0.00      0.00     0.00   0.00    0.00     0.00 2693.40    0.02    0.72 100.00
nvme0n4          0.00      0.00     0.00   0.00    0.00     0.00    0.00      0.00     0.00   0.00    0.00     0.00    0.00      0.00     0.00   0.00    0.00     0.00    0.00    0.00    0.00   0.00
sda              0.20      0.80     0.00   0.00   12.00     4.00    0.80      6.40     0.60  42.86   14.75     8.00    0.00      0.00     0.00   0.00    0.00     0.00    0.40    0.00    0.01   1.28


avg-cpu:  %user   %nice %system %iowait  %steal   %idle
           0.00    0.00   10.75    4.57    0.00   84.68

Device            r/s     rkB/s   rrqm/s  %rrqm r_await rareq-sz     w/s     wkB/s   wrqm/s  %wrqm w_await wareq-sz     d/s     dkB/s   drqm/s  %drqm d_await dareq-sz     f/s f_await  aqu-sz  %util
nvme0n1          0.00      0.00     0.00   0.00    0.00     0.00 15094.20  82573.60    37.00   0.24    0.09     5.47    0.00      0.00     0.00   0.00    0.00     0.00 4348.60    0.03    1.42 100.00
nvme0n2          0.00      0.00     0.00   0.00    0.00     0.00    0.00      0.00     0.00   0.00    0.00     0.00    0.00      0.00     0.00   0.00    0.00     0.00    0.00    0.00    0.00   0.00
nvme0n3          0.00      0.00     0.00   0.00    0.00     0.00 5316.80 249224.80 56989.20  91.47    0.12    46.87    0.00      0.00     0.00   0.00    0.00     0.00 2657.80    0.02    0.73 100.00
nvme0n4          0.00      0.00     0.00   0.00    0.00     0.00    0.00      0.00     0.00   0.00    0.00     0.00    0.00      0.00     0.00   0.00    0.00     0.00    0.00    0.00    0.00   0.00
sda              0.80      3.20     0.00   0.00   14.00     4.00    0.60      5.60     1.60  72.73    8.33     9.33    0.00      0.00     0.00   0.00    0.00     0.00    0.40    0.00    0.02   1.80


avg-cpu:  %user   %nice %system %iowait  %steal   %idle
           0.01    0.00   10.18    4.10    0.00   85.71

Device            r/s     rkB/s   rrqm/s  %rrqm r_await rareq-sz     w/s     wkB/s   wrqm/s  %wrqm w_await wareq-sz     d/s     dkB/s   drqm/s  %drqm d_await dareq-sz     f/s f_await  aqu-sz  %util
nvme0n1          0.00      0.00     0.00   0.00    0.00     0.00 13414.80  73629.60    33.20   0.25    0.09     5.49    0.00      0.00     0.00   0.00    0.00     0.00 3855.00    0.03    1.27 100.00
nvme0n2          0.00      0.00     0.00   0.00    0.00     0.00    0.00      0.00     0.00   0.00    0.00     0.00    0.00      0.00     0.00   0.00    0.00     0.00    0.00    0.00    0.00   0.00
nvme0n3          0.00      0.00     0.00   0.00    0.00     0.00 5611.00 233009.60 52641.60  90.37    0.12    41.53    0.00      0.00     0.00   0.00    0.00     0.00 2805.00    0.02    0.74 100.00
nvme0n4          0.00      0.00     0.00   0.00    0.00     0.00    0.00      0.00     0.00   0.00    0.00     0.00    0.00      0.00     0.00   0.00    0.00     0.00    0.00    0.00    0.00   0.00
sda              0.20      0.80     0.00   0.00    1.00     4.00    0.80      8.80     0.60  42.86    1.25    11.00    0.00      0.00     0.00   0.00    0.00     0.00    0.40    0.50    0.00   0.20


avg-cpu:  %user   %nice %system %iowait  %steal   %idle
           0.01    0.00   10.32    3.90    0.00   85.77

Device            r/s     rkB/s   rrqm/s  %rrqm r_await rareq-sz     w/s     wkB/s   wrqm/s  %wrqm w_await wareq-sz     d/s     dkB/s   drqm/s  %drqm d_await dareq-sz     f/s f_await  aqu-sz  %util
nvme0n1          0.00      0.00     0.00   0.00    0.00     0.00 13321.20  72550.40    21.80   0.16    0.09     5.45    0.00      0.00     0.00   0.00    0.00     0.00 3824.20    0.03    1.25 100.00
nvme0n2          0.00      0.00     0.00   0.00    0.00     0.00    0.00      0.00     0.00   0.00    0.00     0.00    0.00      0.00     0.00   0.00    0.00     0.00    0.00    0.00    0.00   0.00
nvme0n3          0.00      0.00     0.00   0.00    0.00     0.00 5675.60 231416.00 52181.40  90.19    0.12    40.77    0.00      0.00     0.00   0.00    0.00     0.00 2837.40    0.02    0.74 100.00
nvme0n4          0.00      0.00     0.00   0.00    0.00     0.00    0.00      0.00     0.00   0.00    0.00     0.00    0.00      0.00     0.00   0.00    0.00     0.00    0.00    0.00    0.00   0.00
sda              0.00      0.00     0.00   0.00    0.00     0.00    0.40      4.00     0.80  66.67   19.00    10.00    0.00      0.00     0.00   0.00    0.00     0.00    0.40    0.00    0.01   0.80


avg-cpu:  %user   %nice %system %iowait  %steal   %idle
           0.01    0.00   10.64    3.96    0.00   85.40

Device            r/s     rkB/s   rrqm/s  %rrqm r_await rareq-sz     w/s     wkB/s   wrqm/s  %wrqm w_await wareq-sz     d/s     dkB/s   drqm/s  %drqm d_await dareq-sz     f/s f_await  aqu-sz  %util
nvme0n1          0.00      0.00     0.00   0.00    0.00     0.00 13339.20  72616.00    46.20   0.35    0.09     5.44    0.00      0.00     0.00   0.00    0.00     0.00 3863.60    0.03    1.28 100.00
nvme0n2          0.00      0.00     0.00   0.00    0.00     0.00    0.00      0.00     0.00   0.00    0.00     0.00    0.00      0.00     0.00   0.00    0.00     0.00    0.00    0.00    0.00   0.00
nvme0n3          0.00      0.00     0.00   0.00    0.00     0.00 5737.20 233259.20 52574.60  90.16    0.12    40.66    0.00      0.00     0.00   0.00    0.00     0.00 2868.20    0.02    0.73 100.00
nvme0n4          0.00      0.00     0.00   0.00    0.00     0.00    0.00      0.00     0.00   0.00    0.00     0.00    0.00      0.00     0.00   0.00    0.00     0.00    0.00    0.00    0.00   0.00
sda              0.00      0.00     0.00   0.00    0.00     0.00   17.80     80.80     1.20   6.32   16.92     4.54    0.00      0.00     0.00   0.00    0.00     0.00    0.40    0.00    0.30   2.00


avg-cpu:  %user   %nice %system %iowait  %steal   %idle
           0.03    0.00   10.54    3.84    0.00   85.60

Device            r/s     rkB/s   rrqm/s  %rrqm r_await rareq-sz     w/s     wkB/s   wrqm/s  %wrqm w_await wareq-sz     d/s     dkB/s   drqm/s  %drqm d_await dareq-sz     f/s f_await  aqu-sz  %util
nvme0n1          0.00      0.00     0.00   0.00    0.00     0.00 13102.60  71605.60    34.40   0.26    0.09     5.46    0.00      0.00     0.00   0.00    0.00     0.00 3773.80    0.03    1.25 100.00
nvme0n2          0.00      0.00     0.00   0.00    0.00     0.00    0.00      0.00     0.00   0.00    0.00     0.00    0.00      0.00     0.00   0.00    0.00     0.00    0.00    0.00    0.00   0.00
nvme0n3          0.00      0.00     0.00   0.00    0.00     0.00 5529.80 229077.60 51739.60  90.34    0.12    41.43    0.00      0.00     0.00   0.00    0.00     0.00 2764.40    0.02    0.74 100.00
nvme0n4          0.00      0.00     0.00   0.00    0.00     0.00    0.00      0.00     0.00   0.00    0.00     0.00    0.00      0.00     0.00   0.00    0.00     0.00    0.00    0.00    0.00   0.00
sda              0.00      0.00     0.00   0.00    0.00     0.00    1.80     13.60     1.40  43.75    2.56     7.56    0.00      0.00     0.00   0.00    0.00     0.00    0.40    0.00    0.00   0.32


avg-cpu:  %user   %nice %system %iowait  %steal   %idle
           0.01    0.00   10.30    4.18    0.00   85.50

Device            r/s     rkB/s   rrqm/s  %rrqm r_await rareq-sz     w/s     wkB/s   wrqm/s  %wrqm w_await wareq-sz     d/s     dkB/s   drqm/s  %drqm d_await dareq-sz     f/s f_await  aqu-sz  %util
nvme0n1          0.00      0.00     0.00   0.00    0.00     0.00 13313.00  72889.60    35.60   0.27    0.08     5.48    0.00      0.00     0.00   0.00    0.00     0.00 3838.00    0.03    1.24 100.00
nvme0n2          0.00      0.00     0.00   0.00    0.00     0.00    0.00      0.00     0.00   0.00    0.00     0.00    0.00      0.00     0.00   0.00    0.00     0.00    0.00    0.00    0.00   0.00
nvme0n3          0.00      0.00     0.00   0.00    0.00     0.00 5729.40 232674.40 52440.20  90.15    0.12    40.61    0.00      0.00     0.00   0.00    0.00     0.00 2864.20    0.02    0.74 100.00
nvme0n4          0.00      0.00     0.00   0.00    0.00     0.00    0.00      0.00     0.00   0.00    0.00     0.00    0.00      0.00     0.00   0.00    0.00     0.00    0.00    0.00    0.00   0.00
sda              0.20      0.80     0.00   0.00   23.00     4.00    0.80      6.40     1.60  66.67    2.00     8.00    0.00      0.00     0.00   0.00    0.00     0.00    0.40    0.00    0.01   0.74


avg-cpu:  %user   %nice %system %iowait  %steal   %idle
           0.00    0.00   10.36    4.02    0.00   85.62

Device            r/s     rkB/s   rrqm/s  %rrqm r_await rareq-sz     w/s     wkB/s   wrqm/s  %wrqm w_await wareq-sz     d/s     dkB/s   drqm/s  %drqm d_await dareq-sz     f/s f_await  aqu-sz  %util
nvme0n1          0.00      0.00     0.00   0.00    0.00     0.00 13349.40  73233.60    33.00   0.25    0.08     5.49    0.00      0.00     0.00   0.00    0.00     0.00 3835.20    0.03    1.24 100.00
nvme0n2          0.00      0.00     0.00   0.00    0.00     0.00    0.00      0.00     0.00   0.00    0.00     0.00    0.00      0.00     0.00   0.00    0.00     0.00    0.00    0.00    0.00   0.00
nvme0n3          0.00      0.00     0.00   0.00    0.00     0.00 5691.00 232613.60 52465.20  90.21    0.12    40.87    0.00      0.00     0.00   0.00    0.00     0.00 2845.00    0.02    0.74 100.00
nvme0n4          0.00      0.00     0.00   0.00    0.00     0.00    0.00      0.00     0.00   0.00    0.00     0.00    0.00      0.00     0.00   0.00    0.00     0.00    0.00    0.00    0.00   0.00
sda              0.00      0.00     0.00   0.00    0.00     0.00    0.40      8.00     0.20  33.33    1.00    20.00    0.00      0.00     0.00   0.00    0.00     0.00    0.40    0.00    0.00   0.14


avg-cpu:  %user   %nice %system %iowait  %steal   %idle
           0.00    0.00   10.49    4.41    0.00   85.10

Device            r/s     rkB/s   rrqm/s  %rrqm r_await rareq-sz     w/s     wkB/s   wrqm/s  %wrqm w_await wareq-sz     d/s     dkB/s   drqm/s  %drqm d_await dareq-sz     f/s f_await  aqu-sz  %util
nvme0n1          0.00      0.00     0.00   0.00    0.00     0.00 13570.00  74043.20    27.80   0.20    0.09     5.46    0.00      0.00     0.00   0.00    0.00     0.00 3936.60    0.03    1.28 100.00
nvme0n2          0.00      0.00     0.00   0.00    0.00     0.00    0.00      0.00     0.00   0.00    0.00     0.00    0.00      0.00     0.00   0.00    0.00     0.00    0.00    0.00    0.00   0.00
nvme0n3          0.00      0.00     0.00   0.00    0.00     0.00 5918.60 238971.20 53820.40  90.09    0.12    40.38    0.00      0.00     0.00   0.00    0.00     0.00 2958.60    0.02    0.75 100.00
nvme0n4          0.00      0.00     0.00   0.00    0.00     0.00    0.00      0.00     0.00   0.00    0.00     0.00    0.00      0.00     0.00   0.00    0.00     0.00    0.00    0.00    0.00   0.00
sda              0.00      0.00     0.00   0.00    0.00     0.00    0.80      4.00     0.80  50.00    3.00     5.00    0.00      0.00     0.00   0.00    0.00     0.00    0.40    0.00    0.00   0.26


avg-cpu:  %user   %nice %system %iowait  %steal   %idle
           0.00    0.00   10.35    4.10    0.00   85.56

Device            r/s     rkB/s   rrqm/s  %rrqm r_await rareq-sz     w/s     wkB/s   wrqm/s  %wrqm w_await wareq-sz     d/s     dkB/s   drqm/s  %drqm d_await dareq-sz     f/s f_await  aqu-sz  %util
nvme0n1          0.00      0.00     0.00   0.00    0.00     0.00 13333.60  72897.60    26.20   0.20    0.08     5.47    0.00      0.00     0.00   0.00    0.00     0.00 3842.00    0.03    1.24 100.00
nvme0n2          0.00      0.00     0.00   0.00    0.00     0.00    0.00      0.00     0.00   0.00    0.00     0.00    0.00      0.00     0.00   0.00    0.00     0.00    0.00    0.00    0.00   0.00
nvme0n3          0.00      0.00     0.00   0.00    0.00     0.00 5750.80 234371.20 52845.60  90.19    0.12    40.75    0.00      0.00     0.00   0.00    0.00     0.00 2875.00    0.02    0.74 100.00
nvme0n4          0.00      0.00     0.00   0.00    0.00     0.00    0.00      0.00     0.00   0.00    0.00     0.00    0.00      0.00     0.00   0.00    0.00     0.00    0.00    0.00    0.00   0.00
sda              0.00      0.00     0.00   0.00    0.00     0.00    0.60      5.60     0.20  25.00   21.00     9.33    0.00      0.00     0.00   0.00    0.00     0.00    0.40    0.00    0.01   1.40


avg-cpu:  %user   %nice %system %iowait  %steal   %idle
           0.03    0.00   10.25    4.14    0.00   85.58

Device            r/s     rkB/s   rrqm/s  %rrqm r_await rareq-sz     w/s     wkB/s   wrqm/s  %wrqm w_await wareq-sz     d/s     dkB/s   drqm/s  %drqm d_await dareq-sz     f/s f_await  aqu-sz  %util
nvme0n1          0.00      0.00     0.00   0.00    0.00     0.00 13414.40  73556.00    44.40   0.33    0.08     5.48    0.00      0.00     0.00   0.00    0.00     0.00 3848.80    0.03    1.24 100.00
nvme0n2          0.00      0.00     0.00   0.00    0.00     0.00    0.00      0.00     0.00   0.00    0.00     0.00    0.00      0.00     0.00   0.00    0.00     0.00    0.00    0.00    0.00   0.00
nvme0n3          0.00      0.00     0.00   0.00    0.00     0.00 5721.00 234077.60 52798.20  90.22    0.12    40.92    0.00      0.00     0.00   0.00    0.00     0.00 2860.00    0.02    0.74 100.00
nvme0n4          0.00      0.00     0.00   0.00    0.00     0.00    0.00      0.00     0.00   0.00    0.00     0.00    0.00      0.00     0.00   0.00    0.00     0.00    0.00    0.00    0.00   0.00
sda              1.00     28.00     0.00   0.00   21.00    28.00    0.60      3.20     1.00  62.50   19.33     5.33    0.00      0.00     0.00   0.00    0.00     0.00    0.40    0.50    0.03   3.00


avg-cpu:  %user   %nice %system %iowait  %steal   %idle
           0.03    0.00   10.58    3.96    0.00   85.43

Device            r/s     rkB/s   rrqm/s  %rrqm r_await rareq-sz     w/s     wkB/s   wrqm/s  %wrqm w_await wareq-sz     d/s     dkB/s   drqm/s  %drqm d_await dareq-sz     f/s f_await  aqu-sz  %util
nvme0n1          0.00      0.00     0.00   0.00    0.00     0.00 13369.60  72917.60    33.60   0.25    0.08     5.45    0.00      0.00     0.00   0.00    0.00     0.00 3853.80    0.03    1.24 100.00
nvme0n2          0.00      0.00     0.00   0.00    0.00     0.00    0.00      0.00     0.00   0.00    0.00     0.00    0.00      0.00     0.00   0.00    0.00     0.00    0.00    0.00    0.00   0.00
nvme0n3          0.00      0.00     0.00   0.00    0.00     0.00 5697.00 233432.00 52660.80  90.24    0.12    40.97    0.00      0.00     0.00   0.00    0.00     0.00 2848.00    0.02    0.74 100.00
nvme0n4          0.00      0.00     0.00   0.00    0.00     0.00    0.00      0.00     0.00   0.00    0.00     0.00    0.00      0.00     0.00   0.00    0.00     0.00    0.00    0.00    0.00   0.00
sda              0.20      0.80     0.00   0.00   32.00     4.00   22.00     99.20     1.40   5.98   30.64     4.51    0.00      0.00     0.00   0.00    0.00     0.00    0.40    0.00    0.68   1.94


avg-cpu:  %user   %nice %system %iowait  %steal   %idle
           0.01    0.00   10.20    4.06    0.00   85.73

Device            r/s     rkB/s   rrqm/s  %rrqm r_await rareq-sz     w/s     wkB/s   wrqm/s  %wrqm w_await wareq-sz     d/s     dkB/s   drqm/s  %drqm d_await dareq-sz     f/s f_await  aqu-sz  %util
nvme0n1          0.00      0.00     0.00   0.00    0.00     0.00 13222.40  72238.40    36.40   0.27    0.09     5.46    0.00      0.00     0.00   0.00    0.00     0.00 3821.20    0.03    1.27 100.00
nvme0n2          0.00      0.00     0.00   0.00    0.00     0.00    0.00      0.00     0.00   0.00    0.00     0.00    0.00      0.00     0.00   0.00    0.00     0.00    0.00    0.00    0.00   0.00
nvme0n3          0.00      0.00     0.00   0.00    0.00     0.00 5642.40 230647.20 52016.20  90.21    0.12    40.88    0.00      0.00     0.00   0.00    0.00     0.00 2820.80    0.02    0.74 100.00
nvme0n4          0.00      0.00     0.00   0.00    0.00     0.00    0.00      0.00     0.00   0.00    0.00     0.00    0.00      0.00     0.00   0.00    0.00     0.00    0.00    0.00    0.00   0.00
sda              0.00      0.00     0.00   0.00    0.00     0.00   15.40     79.20     2.80  15.38    5.62     5.14    0.00      0.00     0.00   0.00    0.00     0.00    1.80    0.00    0.09   1.06


avg-cpu:  %user   %nice %system %iowait  %steal   %idle
           0.00    0.00   10.52    4.23    0.00   85.25

Device            r/s     rkB/s   rrqm/s  %rrqm r_await rareq-sz     w/s     wkB/s   wrqm/s  %wrqm w_await wareq-sz     d/s     dkB/s   drqm/s  %drqm d_await dareq-sz     f/s f_await  aqu-sz  %util
nvme0n1          0.00      0.00     0.00   0.00    0.00     0.00 13367.20  72976.80    32.20   0.24    0.09     5.46    0.00      0.00     0.00   0.00    0.00     0.00 3864.40    0.03    1.28 100.00
nvme0n2          0.00      0.00     0.00   0.00    0.00     0.00    0.00      0.00     0.00   0.00    0.00     0.00    0.00      0.00     0.00   0.00    0.00     0.00    0.00    0.00    0.00   0.00
nvme0n3          0.00      0.00     0.00   0.00    0.00     0.00 5766.40 234449.60 52846.00  90.16    0.12    40.66    0.00      0.00     0.00   0.00    0.00     0.00 2882.60    0.02    0.76 100.00
nvme0n4          0.00      0.00     0.00   0.00    0.00     0.00    0.00      0.00     0.00   0.00    0.00     0.00    0.00      0.00     0.00   0.00    0.00     0.00    0.00    0.00    0.00   0.00
sda              0.00      0.00     0.00   0.00    0.00     0.00    0.00      0.00     0.20 100.00    0.00     0.00    0.00      0.00     0.00   0.00    0.00     0.00    0.00    0.00    0.00   0.06


avg-cpu:  %user   %nice %system %iowait  %steal   %idle
           0.03    0.00   10.48    4.05    0.00   85.44

Device            r/s     rkB/s   rrqm/s  %rrqm r_await rareq-sz     w/s     wkB/s   wrqm/s  %wrqm w_await wareq-sz     d/s     dkB/s   drqm/s  %drqm d_await dareq-sz     f/s f_await  aqu-sz  %util
nvme0n1          0.00      0.00     0.00   0.00    0.00     0.00 13338.60  72863.20    35.00   0.26    0.09     5.46    0.00      0.00     0.00   0.00    0.00     0.00 3847.20    0.03    1.26 100.00
nvme0n2          0.00      0.00     0.00   0.00    0.00     0.00    0.00      0.00     0.00   0.00    0.00     0.00    0.00      0.00     0.00   0.00    0.00     0.00    0.00    0.00    0.00   0.00
nvme0n3          0.00      0.00     0.00   0.00    0.00     0.00 5618.60 232234.40 52443.40  90.32    0.12    41.33    0.00      0.00     0.00   0.00    0.00     0.00 2808.80    0.02    0.74 100.00
nvme0n4          0.00      0.00     0.00   0.00    0.00     0.00    0.00      0.00     0.00   0.00    0.00     0.00    0.00      0.00     0.00   0.00    0.00     0.00    0.00    0.00    0.00   0.00
sda              0.20      0.80     0.00   0.00   50.00     4.00    1.40     11.20     1.20  46.15   14.71     8.00    0.00      0.00     0.00   0.00    0.00     0.00    0.80    0.00    0.03   2.94


avg-cpu:  %user   %nice %system %iowait  %steal   %idle
           0.00    0.00   10.15    3.92    0.00   85.92

Device            r/s     rkB/s   rrqm/s  %rrqm r_await rareq-sz     w/s     wkB/s   wrqm/s  %wrqm w_await wareq-sz     d/s     dkB/s   drqm/s  %drqm d_await dareq-sz     f/s f_await  aqu-sz  %util
nvme0n1          0.00      0.00     0.00   0.00    0.00     0.00 13243.40  72269.60    33.40   0.25    0.09     5.46    0.00      0.00     0.00   0.00    0.00     0.00 3819.80    0.03    1.25 100.00
nvme0n2          0.00      0.00     0.00   0.00    0.00     0.00    0.00      0.00     0.00   0.00    0.00     0.00    0.00      0.00     0.00   0.00    0.00     0.00    0.00    0.00    0.00   0.00
nvme0n3          0.00      0.00     0.00   0.00    0.00     0.00 5668.00 231314.40 52157.20  90.20    0.12    40.81    0.00      0.00     0.00   0.00    0.00     0.00 2833.40    0.02    0.74 100.00
nvme0n4          0.00      0.00     0.00   0.00    0.00     0.00    0.00      0.00     0.00   0.00    0.00     0.00    0.00      0.00     0.00   0.00    0.00     0.00    0.00    0.00    0.00   0.00
sda              0.00      0.00     0.00   0.00    0.00     0.00    0.40      4.80     0.80  66.67    2.00    12.00    0.00      0.00     0.00   0.00    0.00     0.00    0.40    0.00    0.00   0.14


avg-cpu:  %user   %nice %system %iowait  %steal   %idle
           0.01    0.00   10.26    3.79    0.00   85.93

Device            r/s     rkB/s   rrqm/s  %rrqm r_await rareq-sz     w/s     wkB/s   wrqm/s  %wrqm w_await wareq-sz     d/s     dkB/s   drqm/s  %drqm d_await dareq-sz     f/s f_await  aqu-sz  %util
nvme0n1          0.00      0.00     0.00   0.00    0.00     0.00 13189.20  72363.20    52.20   0.39    0.09     5.49    0.00      0.00     0.00   0.00    0.00     0.00 3783.60    0.03    1.24 100.00
nvme0n2          0.00      0.00     0.00   0.00    0.00     0.00    0.00      0.00     0.00   0.00    0.00     0.00    0.00      0.00     0.00   0.00    0.00     0.00    0.00    0.00    0.00   0.00
nvme0n3          0.00      0.00     0.00   0.00    0.00     0.00 5488.40 228617.60 51666.00  90.40    0.12    41.65    0.00      0.00     0.00   0.00    0.00     0.00 2743.80    0.02    0.74 100.00
nvme0n4          0.00      0.00     0.00   0.00    0.00     0.00    0.00      0.00     0.00   0.00    0.00     0.00    0.00      0.00     0.00   0.00    0.00     0.00    0.00    0.00    0.00   0.00
sda              0.00      0.00     0.00   0.00    0.00     0.00    0.40      2.40     1.40  77.78    1.50     6.00    0.00      0.00     0.00   0.00    0.00     0.00    0.00    0.00    0.00   0.20


avg-cpu:  %user   %nice %system %iowait  %steal   %idle
           0.01    0.00   10.07    4.14    0.00   85.78

Device            r/s     rkB/s   rrqm/s  %rrqm r_await rareq-sz     w/s     wkB/s   wrqm/s  %wrqm w_await wareq-sz     d/s     dkB/s   drqm/s  %drqm d_await dareq-sz     f/s f_await  aqu-sz  %util
nvme0n1          0.00      0.00     0.00   0.00    0.00     0.00 13104.20  71751.20    27.60   0.21    0.08     5.48    0.00      0.00     0.00   0.00    0.00     0.00 3769.20    0.03    1.22 100.00
nvme0n2          0.00      0.00     0.00   0.00    0.00     0.00    0.00      0.00     0.00   0.00    0.00     0.00    0.00      0.00     0.00   0.00    0.00     0.00    0.00    0.00    0.00   0.00
nvme0n3          0.00      0.00     0.00   0.00    0.00     0.00 5682.80 230906.40 52044.00  90.16    0.12    40.63    0.00      0.00     0.00   0.00    0.00     0.00 2841.00    0.02    0.75 100.00
nvme0n4          0.00      0.00     0.00   0.00    0.00     0.00    0.00      0.00     0.00   0.00    0.00     0.00    0.00      0.00     0.00   0.00    0.00     0.00    0.00    0.00    0.00   0.00
sda              0.00      0.00     0.00   0.00    0.00     0.00   12.80     58.40     1.00   7.25   32.30     4.56    0.00      0.00     0.00   0.00    0.00     0.00    0.40    0.50    0.41   1.60


avg-cpu:  %user   %nice %system %iowait  %steal   %idle
           0.03    0.00   10.01    3.94    0.00   86.02

Device            r/s     rkB/s   rrqm/s  %rrqm r_await rareq-sz     w/s     wkB/s   wrqm/s  %wrqm w_await wareq-sz     d/s     dkB/s   drqm/s  %drqm d_await dareq-sz     f/s f_await  aqu-sz  %util
nvme0n1          0.00      0.00     0.00   0.00    0.00     0.00 13161.60  71888.00    22.60   0.17    0.08     5.46    0.00      0.00     0.00   0.00    0.00     0.00 3791.00    0.03    1.22 100.00
nvme0n2          0.00      0.00     0.00   0.00    0.00     0.00    0.00      0.00     0.00   0.00    0.00     0.00    0.00      0.00     0.00   0.00    0.00     0.00    0.00    0.00    0.00   0.00
nvme0n3          0.00      0.00     0.00   0.00    0.00     0.00 5689.80 231100.80 52085.20  90.15    0.12    40.62    0.00      0.00     0.00   0.00    0.00     0.00 2844.40    0.02    0.75 100.00
nvme0n4          0.00      0.00     0.00   0.00    0.00     0.00    0.00      0.00     0.00   0.00    0.00     0.00    0.00      0.00     0.00   0.00    0.00     0.00    0.00    0.00    0.00   0.00
sda              0.00      0.00     0.00   0.00    0.00     0.00    1.80     10.40     1.40  43.75    1.22     5.78    0.00      0.00     0.00   0.00    0.00     0.00    0.40    0.00    0.00   0.26


avg-cpu:  %user   %nice %system %iowait  %steal   %idle
           0.01    0.00   10.66    4.14    0.00   85.19

Device            r/s     rkB/s   rrqm/s  %rrqm r_await rareq-sz     w/s     wkB/s   wrqm/s  %wrqm w_await wareq-sz     d/s     dkB/s   drqm/s  %drqm d_await dareq-sz     f/s f_await  aqu-sz  %util
nvme0n1          0.00      0.00     0.00   0.00    0.00     0.00 13307.60  72721.60    28.20   0.21    0.08     5.46    0.00      0.00     0.00   0.00    0.00     0.00 3840.00    0.03    1.24 100.00
nvme0n2          0.00      0.00     0.00   0.00    0.00     0.00    0.00      0.00     0.00   0.00    0.00     0.00    0.00      0.00     0.00   0.00    0.00     0.00    0.00    0.00    0.00   0.00
nvme0n3          0.00      0.00     0.00   0.00    0.00     0.00 5740.80 232712.80 52441.60  90.13    0.12    40.54    0.00      0.00     0.00   0.00    0.00     0.00 2869.80    0.02    0.75 100.00
nvme0n4          0.00      0.00     0.00   0.00    0.00     0.00    0.00      0.00     0.00   0.00    0.00     0.00    0.00      0.00     0.00   0.00    0.00     0.00    0.00    0.00    0.00   0.00
sda              0.00      0.00     0.00   0.00    0.00     0.00    0.40      7.20     0.80  66.67    0.50    18.00    0.00      0.00     0.00   0.00    0.00     0.00    0.40    0.00    0.00   0.14


avg-cpu:  %user   %nice %system %iowait  %steal   %idle
           0.01    0.00   10.61    4.05    0.00   85.33

Device            r/s     rkB/s   rrqm/s  %rrqm r_await rareq-sz     w/s     wkB/s   wrqm/s  %wrqm w_await wareq-sz     d/s     dkB/s   drqm/s  %drqm d_await dareq-sz     f/s f_await  aqu-sz  %util
nvme0n1          0.00      0.00     0.00   0.00    0.00     0.00 13378.20  72845.60    31.00   0.23    0.09     5.45    0.00      0.00     0.00   0.00    0.00     0.00 3857.80    0.03    1.26 100.00
nvme0n2          0.00      0.00     0.00   0.00    0.00     0.00    0.00      0.00     0.00   0.00    0.00     0.00    0.00      0.00     0.00   0.00    0.00     0.00    0.00    0.00    0.00   0.00
nvme0n3          0.00      0.00     0.00   0.00    0.00     0.00 5747.20 234436.80 52857.60  90.19    0.12    40.79    0.00      0.00     0.00   0.00    0.00     0.00 2873.20    0.02    0.74 100.00
nvme0n4          0.00      0.00     0.00   0.00    0.00     0.00    0.00      0.00     0.00   0.00    0.00     0.00    0.00      0.00     0.00   0.00    0.00     0.00    0.00    0.00    0.00   0.00
sda              0.00      0.00     0.00   0.00    0.00     0.00    0.60      5.60     0.20  25.00    1.67     9.33    0.00      0.00     0.00   0.00    0.00     0.00    0.40    0.00    0.00   0.20


avg-cpu:  %user   %nice %system %iowait  %steal   %idle
           0.00    0.00   10.36    3.98    0.00   85.66

Device            r/s     rkB/s   rrqm/s  %rrqm r_await rareq-sz     w/s     wkB/s   wrqm/s  %wrqm w_await wareq-sz     d/s     dkB/s   drqm/s  %drqm d_await dareq-sz     f/s f_await  aqu-sz  %util
nvme0n1          0.00      0.00     0.00   0.00    0.00     0.00 13169.20  72062.40    33.20   0.25    0.09     5.47    0.00      0.00     0.00   0.00    0.00     0.00 3794.60    0.03    1.27 100.00
nvme0n2          0.00      0.00     0.00   0.00    0.00     0.00    0.00      0.00     0.00   0.00    0.00     0.00    0.00      0.00     0.00   0.00    0.00     0.00    0.00    0.00    0.00   0.00
nvme0n3          0.00      0.00     0.00   0.00    0.00     0.00 5641.00 230540.00 51994.20  90.21    0.12    40.87    0.00      0.00     0.00   0.00    0.00     0.00 2820.00    0.02    0.74 100.00
nvme0n4          0.00      0.00     0.00   0.00    0.00     0.00    0.00      0.00     0.00   0.00    0.00     0.00    0.00      0.00     0.00   0.00    0.00     0.00    0.00    0.00    0.00   0.00
sda              0.00      0.00     0.00   0.00    0.00     0.00    0.40      2.40     0.20  33.33   20.50     6.00    0.00      0.00     0.00   0.00    0.00     0.00    0.40    0.00    0.01   0.92


avg-cpu:  %user   %nice %system %iowait  %steal   %idle
           0.01    0.00   10.20    4.20    0.00   85.59

Device            r/s     rkB/s   rrqm/s  %rrqm r_await rareq-sz     w/s     wkB/s   wrqm/s  %wrqm w_await wareq-sz     d/s     dkB/s   drqm/s  %drqm d_await dareq-sz     f/s f_await  aqu-sz  %util
nvme0n1          0.00      0.00     0.00   0.00    0.00     0.00 13360.60  72916.00    41.40   0.31    0.09     5.46    0.00      0.00     0.00   0.00    0.00     0.00 3843.60    0.03    1.26 100.00
nvme0n2          0.00      0.00     0.00   0.00    0.00     0.00    0.00      0.00     0.00   0.00    0.00     0.00    0.00      0.00     0.00   0.00    0.00     0.00    0.00    0.00    0.00   0.00
nvme0n3          0.00      0.00     0.00   0.00    0.00     0.00 5709.40 233330.40 52623.20  90.21    0.12    40.87    0.00      0.00     0.00   0.00    0.00     0.00 2854.20    0.02    0.74 100.00
nvme0n4          0.00      0.00     0.00   0.00    0.00     0.00    0.00      0.00     0.00   0.00    0.00     0.00    0.00      0.00     0.00   0.00    0.00     0.00    0.00    0.00    0.00   0.00
sda              0.00      0.00     0.00   0.00    0.00     0.00    0.80      4.00     0.80  50.00   20.25     5.00    0.00      0.00     0.00   0.00    0.00     0.00    0.40    0.00    0.02   1.40


avg-cpu:  %user   %nice %system %iowait  %steal   %idle
           0.02    0.00   10.35    4.34    0.00   85.30

Device            r/s     rkB/s   rrqm/s  %rrqm r_await rareq-sz     w/s     wkB/s   wrqm/s  %wrqm w_await wareq-sz     d/s     dkB/s   drqm/s  %drqm d_await dareq-sz     f/s f_await  aqu-sz  %util
nvme0n1          0.00      0.00     0.00   0.00    0.00     0.00 13473.40  73547.20    27.40   0.20    0.08     5.46    0.00      0.00     0.00   0.00    0.00     0.00 3888.40    0.03    1.25 100.00
nvme0n2          0.00      0.00     0.00   0.00    0.00     0.00    0.00      0.00     0.00   0.00    0.00     0.00    0.00      0.00     0.00   0.00    0.00     0.00    0.00    0.00    0.00   0.00
nvme0n3          0.00      0.00     0.00   0.00    0.00     0.00 5793.80 235830.40 53163.80  90.17    0.12    40.70    0.00      0.00     0.00   0.00    0.00     0.00 2896.40    0.02    0.75 100.00
nvme0n4          0.00      0.00     0.00   0.00    0.00     0.00    0.00      0.00     0.00   0.00    0.00     0.00    0.00      0.00     0.00   0.00    0.00     0.00    0.00    0.00    0.00   0.00
sda              0.00      0.00     0.00   0.00    0.00     0.00    0.60      5.60     1.00  62.50   24.33     9.33    0.00      0.00     0.00   0.00    0.00     0.00    0.40    0.00    0.01   1.60


avg-cpu:  %user   %nice %system %iowait  %steal   %idle
           0.00    0.00   10.45    4.45    0.00   85.11

Device            r/s     rkB/s   rrqm/s  %rrqm r_await rareq-sz     w/s     wkB/s   wrqm/s  %wrqm w_await wareq-sz     d/s     dkB/s   drqm/s  %drqm d_await dareq-sz     f/s f_await  aqu-sz  %util
nvme0n1          0.00      0.00     0.00   0.00    0.00     0.00 13487.20  73292.80    33.60   0.25    0.09     5.43    0.00      0.00     0.00   0.00    0.00     0.00 3908.40    0.03    1.28 100.00
nvme0n2          0.00      0.00     0.00   0.00    0.00     0.00    0.00      0.00     0.00   0.00    0.00     0.00    0.00      0.00     0.00   0.00    0.00     0.00    0.00    0.00    0.00   0.00
nvme0n3          0.00      0.00     0.00   0.00    0.00     0.00 5844.20 236820.80 53361.00  90.13    0.12    40.52    0.00      0.00     0.00   0.00    0.00     0.00 2921.60    0.02    0.75 100.00
nvme0n4          0.00      0.00     0.00   0.00    0.00     0.00    0.00      0.00     0.00   0.00    0.00     0.00    0.00      0.00     0.00   0.00    0.00     0.00    0.00    0.00    0.00   0.00
sda              0.00      0.00     0.00   0.00    0.00     0.00   21.20     93.60     1.40   6.19   43.50     4.42    0.00      0.00     0.00   0.00    0.00     0.00    0.40    0.00    0.92   1.40


avg-cpu:  %user   %nice %system %iowait  %steal   %idle
           0.02    0.00   10.29    3.75    0.00   85.94

Device            r/s     rkB/s   rrqm/s  %rrqm r_await rareq-sz     w/s     wkB/s   wrqm/s  %wrqm w_await wareq-sz     d/s     dkB/s   drqm/s  %drqm d_await dareq-sz     f/s f_await  aqu-sz  %util
nvme0n1          0.00      0.00     0.00   0.00    0.00     0.00 13131.60  71767.20    34.40   0.26    0.08     5.47    0.00      0.00     0.00   0.00    0.00     0.00 3769.40    0.03    1.22 100.00
nvme0n2          0.00      0.00     0.00   0.00    0.00     0.00    0.00      0.00     0.00   0.00    0.00     0.00    0.00      0.00     0.00   0.00    0.00     0.00    0.00    0.00    0.00   0.00
nvme0n3          0.00      0.00     0.00   0.00    0.00     0.00 5609.80 229084.00 51664.60  90.21    0.12    40.84    0.00      0.00     0.00   0.00    0.00     0.00 2804.40    0.02    0.74 100.00
nvme0n4          0.00      0.00     0.00   0.00    0.00     0.00    0.00      0.00     0.00   0.00    0.00     0.00    0.00      0.00     0.00   0.00    0.00     0.00    0.00    0.00    0.00   0.00
sda              0.00      0.00     0.00   0.00    0.00     0.00    2.00     14.40     1.00  33.33    1.30     7.20    0.00      0.00     0.00   0.00    0.00     0.00    0.40    0.00    0.00   0.20


avg-cpu:  %user   %nice %system %iowait  %steal   %idle
           0.00    0.00   10.39    3.74    0.00   85.87

Device            r/s     rkB/s   rrqm/s  %rrqm r_await rareq-sz     w/s     wkB/s   wrqm/s  %wrqm w_await wareq-sz     d/s     dkB/s   drqm/s  %drqm d_await dareq-sz     f/s f_await  aqu-sz  %util
nvme0n1          0.00      0.00     0.00   0.00    0.00     0.00 13217.40  72456.00    34.60   0.26    0.08     5.48    0.00      0.00     0.00   0.00    0.00     0.00 3781.20    0.03    1.21 100.00
nvme0n2          0.00      0.00     0.00   0.00    0.00     0.00    0.00      0.00     0.00   0.00    0.00     0.00    0.00      0.00     0.00   0.00    0.00     0.00    0.00    0.00    0.00   0.00
nvme0n3          0.00      0.00     0.00   0.00    0.00     0.00 5621.80 230880.00 52094.80  90.26    0.12    41.07    0.00      0.00     0.00   0.00    0.00     0.00 2810.40    0.02    0.73 100.00
nvme0n4          0.00      0.00     0.00   0.00    0.00     0.00    0.00      0.00     0.00   0.00    0.00     0.00    0.00      0.00     0.00   0.00    0.00     0.00    0.00    0.00    0.00   0.00
sda              0.00      0.00     0.00   0.00    0.00     0.00    0.60      4.80     0.60  50.00    1.00     8.00    0.00      0.00     0.00   0.00    0.00     0.00    0.40    0.50    0.00   0.20


avg-cpu:  %user   %nice %system %iowait  %steal   %idle
           0.01    0.00   10.36    3.93    0.00   85.71

Device            r/s     rkB/s   rrqm/s  %rrqm r_await rareq-sz     w/s     wkB/s   wrqm/s  %wrqm w_await wareq-sz     d/s     dkB/s   drqm/s  %drqm d_await dareq-sz     f/s f_await  aqu-sz  %util
nvme0n1          0.00      0.00     0.00   0.00    0.00     0.00 13314.60  72720.00    27.20   0.20    0.09     5.46    0.00      0.00     0.00   0.00    0.00     0.00 3835.20    0.03    1.25 100.00
nvme0n2          0.00      0.00     0.00   0.00    0.00     0.00    0.00      0.00     0.00   0.00    0.00     0.00    0.00      0.00     0.00   0.00    0.00     0.00    0.00    0.00    0.00   0.00
nvme0n3          0.00      0.00     0.00   0.00    0.00     0.00 5706.40 232952.00 52531.60  90.20    0.12    40.82    0.00      0.00     0.00   0.00    0.00     0.00 2852.80    0.02    0.75 100.00
nvme0n4          0.00      0.00     0.00   0.00    0.00     0.00    0.00      0.00     0.00   0.00    0.00     0.00    0.00      0.00     0.00   0.00    0.00     0.00    0.00    0.00    0.00   0.00
sda              0.00      0.00     0.00   0.00    0.00     0.00    0.40      4.00     0.00   0.00   21.50    10.00    0.00      0.00     0.00   0.00    0.00     0.00    0.40    0.00    0.01   0.88


avg-cpu:  %user   %nice %system %iowait  %steal   %idle
           0.01    0.00   10.21    4.14    0.00   85.63

Device            r/s     rkB/s   rrqm/s  %rrqm r_await rareq-sz     w/s     wkB/s   wrqm/s  %wrqm w_await wareq-sz     d/s     dkB/s   drqm/s  %drqm d_await dareq-sz     f/s f_await  aqu-sz  %util
nvme0n1          0.00      0.00     0.00   0.00    0.00     0.00 13330.80  72926.40    41.40   0.31    0.09     5.47    0.00      0.00     0.00   0.00    0.00     0.00 3835.60    0.03    1.28 100.00
nvme0n2          0.00      0.00     0.00   0.00    0.00     0.00    0.00      0.00     0.00   0.00    0.00     0.00    0.00      0.00     0.00   0.00    0.00     0.00    0.00    0.00    0.00   0.00
nvme0n3          0.00      0.00     0.00   0.00    0.00     0.00 5714.40 233178.40 52584.40  90.20    0.12    40.81    0.00      0.00     0.00   0.00    0.00     0.00 2856.60    0.02    0.74 100.08
nvme0n4          0.00      0.00     0.00   0.00    0.00     0.00    0.00      0.00     0.00   0.00    0.00     0.00    0.00      0.00     0.00   0.00    0.00     0.00    0.00    0.00    0.00   0.00
sda              0.00      0.00     0.00   0.00    0.00     0.00    0.80      4.00     0.20  20.00   27.75     5.00    0.00      0.00     0.00   0.00    0.00     0.00    0.40    0.00    0.02   1.72


avg-cpu:  %user   %nice %system %iowait  %steal   %idle
           0.01    0.00   10.48    4.12    0.00   85.38

Device            r/s     rkB/s   rrqm/s  %rrqm r_await rareq-sz     w/s     wkB/s   wrqm/s  %wrqm w_await wareq-sz     d/s     dkB/s   drqm/s  %drqm d_await dareq-sz     f/s f_await  aqu-sz  %util
nvme0n1          0.00      0.00     0.00   0.00    0.00     0.00 13274.60  72524.80    37.00   0.28    0.09     5.46    0.00      0.00     0.00   0.00    0.00     0.00 3829.20    0.03    1.28 100.00
nvme0n2          0.00      0.00     0.00   0.00    0.00     0.00    0.00      0.00     0.00   0.00    0.00     0.00    0.00      0.00     0.00   0.00    0.00     0.00    0.00    0.00    0.00   0.00
nvme0n3          0.00      0.00     0.00   0.00    0.00     0.00 5681.80 231370.40 52157.80  90.18    0.12    40.72    0.00      0.00     0.00   0.00    0.00     0.00 2840.40    0.02    0.74 100.00
nvme0n4          0.00      0.00     0.00   0.00    0.00     0.00    0.00      0.00     0.00   0.00    0.00     0.00    0.00      0.00     0.00   0.00    0.00     0.00    0.00    0.00    0.00   0.00
sda              0.00      0.00     0.00   0.00    0.00     0.00    0.60      5.60     0.80  57.14   22.00     9.33    0.00      0.00     0.00   0.00    0.00     0.00    0.40    0.00    0.01   1.40


avg-cpu:  %user   %nice %system %iowait  %steal   %idle
           0.01    0.00   10.44    4.06    0.00   85.50

Device            r/s     rkB/s   rrqm/s  %rrqm r_await rareq-sz     w/s     wkB/s   wrqm/s  %wrqm w_await wareq-sz     d/s     dkB/s   drqm/s  %drqm d_await dareq-sz     f/s f_await  aqu-sz  %util
nvme0n1          0.00      0.00     0.00   0.00    0.00     0.00 13339.60  73022.40    34.20   0.26    0.08     5.47    0.00      0.00     0.00   0.00    0.00     0.00 3839.20    0.03    1.22 100.06
nvme0n2          0.00      0.00     0.00   0.00    0.00     0.00    0.00      0.00     0.00   0.00    0.00     0.00    0.00      0.00     0.00   0.00    0.00     0.00    0.00    0.00    0.00   0.00
nvme0n3          0.00      0.00     0.00   0.00    0.00     0.00 5748.00 233458.40 52615.40  90.15    0.12    40.62    0.00      0.00     0.00   0.00    0.00     0.00 2873.60    0.02    0.74 100.00
nvme0n4          0.00      0.00     0.00   0.00    0.00     0.00    0.00      0.00     0.00   0.00    0.00     0.00    0.00      0.00     0.00   0.00    0.00     0.00    0.00    0.00    0.00   0.00
sda              0.20      0.80     0.00   0.00    6.00     4.00    0.80      6.40     0.80  50.00   15.50     8.00    0.00      0.00     0.00   0.00    0.00     0.00    0.40    0.00    0.01   1.48


avg-cpu:  %user   %nice %system %iowait  %steal   %idle
           0.00    0.00   10.65    4.33    0.00   85.01

Device            r/s     rkB/s   rrqm/s  %rrqm r_await rareq-sz     w/s     wkB/s   wrqm/s  %wrqm w_await wareq-sz     d/s     dkB/s   drqm/s  %drqm d_await dareq-sz     f/s f_await  aqu-sz  %util
nvme0n1          0.00      0.00     0.00   0.00    0.00     0.00 13472.60  73552.00    33.80   0.25    0.08     5.46    0.00      0.00     0.00   0.00    0.00     0.00 3901.20    0.03    1.24 100.00
nvme0n2          0.00      0.00     0.00   0.00    0.00     0.00    0.00      0.00     0.00   0.00    0.00     0.00    0.00      0.00     0.00   0.00    0.00     0.00    0.00    0.00    0.00   0.00
nvme0n3          0.00      0.00     0.00   0.00    0.00     0.00 5924.20 238439.20 53685.40  90.06    0.12    40.25    0.00      0.00     0.00   0.00    0.00     0.00 2961.60    0.02    0.75 100.00
nvme0n4          0.00      0.00     0.00   0.00    0.00     0.00    0.00      0.00     0.00   0.00    0.00     0.00    0.00      0.00     0.00   0.00    0.00     0.00    0.00    0.00    0.00   0.00
sda              0.00      0.00     0.00   0.00    0.00     0.00    0.40      7.20     1.40  77.78    1.50    18.00    0.00      0.00     0.00   0.00    0.00     0.00    0.40    0.00    0.00   0.06


avg-cpu:  %user   %nice %system %iowait  %steal   %idle
           0.01    0.00   10.29    3.89    0.00   85.81

Device            r/s     rkB/s   rrqm/s  %rrqm r_await rareq-sz     w/s     wkB/s   wrqm/s  %wrqm w_await wareq-sz     d/s     dkB/s   drqm/s  %drqm d_await dareq-sz     f/s f_await  aqu-sz  %util
nvme0n1          0.00      0.00     0.00   0.00    0.00     0.00 13316.00  73305.60    30.40   0.23    0.08     5.51    0.00      0.00     0.00   0.00    0.00     0.00 3814.80    0.03    1.24 100.00
nvme0n2          0.00      0.00     0.00   0.00    0.00     0.00    0.00      0.00     0.00   0.00    0.00     0.00    0.00      0.00     0.00   0.00    0.00     0.00    0.00    0.00    0.00   0.00
nvme0n3          0.00      0.00     0.00   0.00    0.00     0.00 5657.00 232558.40 52483.80  90.27    0.12    41.11    0.00      0.00     0.00   0.00    0.00     0.00 2828.00    0.02    0.74 100.00
nvme0n4          0.00      0.00     0.00   0.00    0.00     0.00    0.00      0.00     0.00   0.00    0.00     0.00    0.00      0.00     0.00   0.00    0.00     0.00    0.00    0.00    0.00   0.00
sda              0.00      0.00     0.00   0.00    0.00     0.00   16.20     72.80     0.80   4.71   14.27     4.49    0.00      0.00     0.00   0.00    0.00     0.00    0.40    0.00    0.23   2.86


avg-cpu:  %user   %nice %system %iowait  %steal   %idle
           0.01    0.00    9.98    3.95    0.00   86.05

Device            r/s     rkB/s   rrqm/s  %rrqm r_await rareq-sz     w/s     wkB/s   wrqm/s  %wrqm w_await wareq-sz     d/s     dkB/s   drqm/s  %drqm d_await dareq-sz     f/s f_await  aqu-sz  %util
nvme0n1          0.00      0.00     0.00   0.00    0.00     0.00 13399.00  73001.60    29.60   0.22    0.08     5.45    0.00      0.00     0.00   0.00    0.00     0.00 3873.60    0.03    1.23 100.00
nvme0n2          0.00      0.00     0.00   0.00    0.00     0.00    0.00      0.00     0.00   0.00    0.00     0.00    0.00      0.00     0.00   0.00    0.00     0.00    0.00    0.00    0.00   0.00
nvme0n3          0.00      0.00     0.00   0.00    0.00     0.00 5849.40 235527.20 53031.40  90.07    0.12    40.27    0.00      0.00     0.00   0.00    0.00     0.00 2924.20    0.02    0.74 100.00
nvme0n4          0.00      0.00     0.00   0.00    0.00     0.00    0.00      0.00     0.00   0.00    0.00     0.00    0.00      0.00     0.00   0.00    0.00     0.00    0.00    0.00    0.00   0.00
sda              0.00      0.00     0.00   0.00    0.00     0.00    0.40      4.00     0.60  60.00    1.50    10.00    0.00      0.00     0.00   0.00    0.00     0.00    0.40    0.00    0.00   0.08


avg-cpu:  %user   %nice %system %iowait  %steal   %idle
           0.00    0.00   10.32    3.96    0.00   85.73

Device            r/s     rkB/s   rrqm/s  %rrqm r_await rareq-sz     w/s     wkB/s   wrqm/s  %wrqm w_await wareq-sz     d/s     dkB/s   drqm/s  %drqm d_await dareq-sz     f/s f_await  aqu-sz  %util
nvme0n1          0.00      0.00     0.00   0.00    0.00     0.00 13324.20  72848.00    48.80   0.36    0.08     5.47    0.00      0.00     0.00   0.00    0.00     0.00 3817.60    0.03    1.24 100.00
nvme0n2          0.00      0.00     0.00   0.00    0.00     0.00    0.00      0.00     0.00   0.00    0.00     0.00    0.00      0.00     0.00   0.00    0.00     0.00    0.00    0.00    0.00   0.00
nvme0n3          0.00      0.00     0.00   0.00    0.00     0.00 5653.40 232345.60 52433.00  90.27    0.12    41.10    0.00      0.00     0.00   0.00    0.00     0.00 2826.20    0.02    0.74 100.00
nvme0n4          0.00      0.00     0.00   0.00    0.00     0.00    0.00      0.00     0.00   0.00    0.00     0.00    0.00      0.00     0.00   0.00    0.00     0.00    0.00    0.00    0.00   0.00
sda              0.00      0.00     0.00   0.00    0.00     0.00    0.80      6.40     0.80  50.00    1.00     8.00    0.00      0.00     0.00   0.00    0.00     0.00    0.40    0.00    0.00   0.12


avg-cpu:  %user   %nice %system %iowait  %steal   %idle
           0.02    0.00   10.15    3.76    0.00   86.07

Device            r/s     rkB/s   rrqm/s  %rrqm r_await rareq-sz     w/s     wkB/s   wrqm/s  %wrqm w_await wareq-sz     d/s     dkB/s   drqm/s  %drqm d_await dareq-sz     f/s f_await  aqu-sz  %util
nvme0n1          0.00      0.00     0.00   0.00    0.00     0.00 13231.40  72405.60    31.20   0.24    0.08     5.47    0.00      0.00     0.00   0.00    0.00     0.00 3799.00    0.03    1.24 100.00
nvme0n2          0.00      0.00     0.00   0.00    0.00     0.00    0.00      0.00     0.00   0.00    0.00     0.00    0.00      0.00     0.00   0.00    0.00     0.00    0.00    0.00    0.00   0.00
nvme0n3          0.00      0.00     0.00   0.00    0.00     0.00 5577.80 230207.20 51974.00  90.31    0.12    41.27    0.00      0.00     0.00   0.00    0.00     0.00 2788.20    0.02    0.74 100.00
nvme0n4          0.00      0.00     0.00   0.00    0.00     0.00    0.00      0.00     0.00   0.00    0.00     0.00    0.00      0.00     0.00   0.00    0.00     0.00    0.00    0.00    0.00   0.00
sda              0.00      0.00     0.00   0.00    0.00     0.00    0.80      8.80     2.20  73.33   11.50    11.00    0.00      0.00     0.00   0.00    0.00     0.00    0.40    0.50    0.01   0.68


avg-cpu:  %user   %nice %system %iowait  %steal   %idle
           0.01    0.00   10.24    4.20    0.00   85.54

Device            r/s     rkB/s   rrqm/s  %rrqm r_await rareq-sz     w/s     wkB/s   wrqm/s  %wrqm w_await wareq-sz     d/s     dkB/s   drqm/s  %drqm d_await dareq-sz     f/s f_await  aqu-sz  %util
nvme0n1          0.00      0.00     0.00   0.00    0.00     0.00 13351.60  72656.00    27.80   0.21    0.09     5.44    0.00      0.00     0.00   0.00    0.00     0.00 3857.40    0.03    1.28 100.00
nvme0n2          0.00      0.00     0.00   0.00    0.00     0.00    0.00      0.00     0.00   0.00    0.00     0.00    0.00      0.00     0.00   0.00    0.00     0.00    0.00    0.00    0.00   0.00
nvme0n3          0.00      0.00     0.00   0.00    0.00     0.00 5728.40 234324.00 52852.60  90.22    0.12    40.91    0.00      0.00     0.00   0.00    0.00     0.00 2863.80    0.02    0.75 100.00
nvme0n4          0.00      0.00     0.00   0.00    0.00     0.00    0.00      0.00     0.00   0.00    0.00     0.00    0.00      0.00     0.00   0.00    0.00     0.00    0.00    0.00    0.00   0.00
sda              0.00      0.00     0.00   0.00    0.00     0.00    0.60      6.40     1.60  72.73   34.33    10.67    0.00      0.00     0.00   0.00    0.00     0.00    0.40    0.00    0.02   2.12


avg-cpu:  %user   %nice %system %iowait  %steal   %idle
           0.01    0.00    9.48    3.58    0.00   86.92

Device            r/s     rkB/s   rrqm/s  %rrqm r_await rareq-sz     w/s     wkB/s   wrqm/s  %wrqm w_await wareq-sz     d/s     dkB/s   drqm/s  %drqm d_await dareq-sz     f/s f_await  aqu-sz  %util
nvme0n1          0.00      0.00     0.00   0.00    0.00     0.00 11986.40  65435.20    28.60   0.24    0.09     5.46    0.00      0.00     0.00   0.00    0.00     0.00 3456.00    0.03    1.13  90.88
nvme0n2          0.00      0.00     0.00   0.00    0.00     0.00    0.00      0.00     0.00   0.00    0.00     0.00    0.00      0.00     0.00   0.00    0.00     0.00    0.00    0.00    0.00   0.00
nvme0n3          0.00      0.00     0.00   0.00    0.00     0.00 5119.80 208991.20 47128.00  90.20    0.12    40.82    0.00      0.00     0.00   0.00    0.00     0.00 2559.40    0.02    0.68  90.86
nvme0n4          0.00      0.00     0.00   0.00    0.00     0.00    0.00      0.00     0.00   0.00    0.00     0.00    0.00      0.00     0.00   0.00    0.00     0.00    0.00    0.00    0.00   0.00
sda              0.00      0.00     0.00   0.00    0.00     0.00    0.80      8.80     1.20  60.00    4.75    11.00    0.00      0.00     0.00   0.00    0.00     0.00    0.40    0.00    0.00   0.48

